201002,233,78,156,4.83
201003,261,96.5,193,4.13
201005,239,45,90,3.42
201006,261,70,140,4.56
201007,250.5,20.5,41,3.24
201008,249.7,99,198,4.5
201009,238,45.9,91.8,3.8
201011,239,46,92,4.25
201012,269,96.4,192.8,6.06
201013,250.2,20.5,41,3.17
201014,281,43.5,87,6.86
201015,261,98,196,4.61
201017,280.7,44.7,89.4,5.98
201018,310,47.3,94.6,8.4
201019,283.8,39.3,78.6,6.06
201020,240.1,40,80,5.45
201021,276,45.5,91,4.08
201022,305.3,39.7,79.4,7.67
201023,330,39.7,79.4,9.9
201024,278,43.2,86.4,4.71
201025,292,43.2,86.4,6.31
201028,251,40.7,81.4,3.41
201029,305,44.8,89.6,8.3
201030,305.3,39.7,79.4,7.7
201031,330.2,39.8,79.6,9.9
201032,278,43.2,86.4,4.7
201033,292,43.2,86.4,6.6
201034,281,39.7,79.4,6.7
201035,263.9,40.5,81,3.5
201212,240,43.2,86.4,4.49
201214,213.3,61.2,122.4,3.1
201215,239.8,32.5,65,4.03
201216,264,25.6,51.2,6.4
201217,278,67.7,135.4,8.4
201218,295,67.8,135.6,9.1
201219,283.7,60.4,120.8,7.25
201220,291.2,67,134,11
201221,305,67.9,135.8,6.74
201222,305,49.5,99,11
201223,300.4,42.8,85.6,10.7
201224,288,32.5,65,5.38
201225,354.7,48.2,96.4,0
201226,326,46.2,92.4,0
201401,251,33.7,67.4,4.07
201402,251,33.5,67,4.3
201403,265,47.2,94.4,4.2
201404,280,40,80,6.895
201501,254.7,75.5,151,5.14
201503,272,61.5,123,4.125
201509,260,35.2,70.4,5.07
201510,257.8,60.1,120.2,4.04
2015100,284,73.3,146.6,6.39
2015101,299.8,73.2,146.4,7.455
2015102,289.8,66.2,132.4,4.86
2015104,327.8,73,146,10.346
2015105,329.9,71,142,7.442
2015106,323.8,67.2,134.4,7.76
201511,279.8,78.1,156.2,5.7
2015113,294,45.2,90.4,6.55
2015114,299.9,76.1,152.2,6.55
2015115,330,45.2,90.4,9.13
2015116,294,45.2,90.4,6.26
2015117,300,50.6,101.2,5.46
2015118,307,45.2,90.4,7.78
2015119,280,50.5,101,4.06
201512,283.8,76.1,152.2,5.31
201513,283.8,76,152,6
201514,284,61,122,4.56
201515,282,76,152,6.42
201516,260,35,70,4.55
201518,302,76.1,152.2,6.4
201519,302,76.1,152.2,7.54
201520,300,61.1,122.2,5.1
201521,286,51.6,103.2,6.15
201522,299.7,68,136,5.25
201523,299.7,68.2,136.4,5.8
201524,285.4,51.7,103.4,5.2
201525,280,60,120,4.46
201526,302,76,152,8.135
201527,282,76,152,6.5
201528,280,78.1,156.2,6.495
201529,284,68,136,4.625
201530,299.8,68,136,6.25
201532,323.8,77.1,154.2,10.5
201533,323.9,61.1,122.2,6.7
201534,315.9,77.1,154.2,8.65
201535,275.8,60,120,5.36
201536,295.8,76,152,7.5
201537,298,61,122,5
201538,272,78,156,4.38
201539,297.8,61.1,122.2,5.68
201540,299.8,51.6,103.2,7.05
201541,294,59.5,119,6.25
201542,333.8,77.1,154.2,11.12
201543,324.7,52.7,105.4,8.8
201544,324,73.8,147.6,10.6
201545,320,60.4,120.8,7.44
201546,272,83,166,4.74
201547,331.6,61.9,123.8,11.04
201548,323.8,80,160,6.76
201551,295.9,55.1,110.2,7.3
201552,299.8,95.1,190.2,5.68
201553,309.8,77.1,154.2,8.12
201554,283.9,73,146,6.29
201555,291.8,73,146,6.98
201556,295.8,65.1,130.2,4.86
201557,279.8,65,130,4.42
201558,299.9,66.1,132.2,6.29
201559,324,80.9,161.8,10.71
201560,347.9,80.9,161.8,11.57
201561,320,63.5,127,7.38
201562,328,61,122,7.39
201563,324,77.1,154.2,10.4
201564,324.8,62.1,124.2,8.95
201565,320,79.6,159.2,8.16
201566,300,73,146,8
201568,330,73.1,146.2,9.08
201569,336,67.1,134.2,8.27
201571,374,80.8,161.6,15.1
201573,256,74.5,149,4.21
201574,280,40,80,5.84
201575,282,65,130,4.98
201576,300,61.1,122.2,6.08
201577,315,76,152,9.53
201578,324,64.9,129.8,7.99
201579,345,64.9,129.8,9.69
201580,348,73.2,146.4,11.12
201581,300,66,132,6.58
201582,312,73.5,147,8.87
201583,319.8,78,156,7.45
201584,356,62.1,124.2,13.06
201585,324,79.8,159.6,7.54
201586,280,75.2,150.4,4.69
201587,347.8,61.1,122.2,12.22
201588,331.9,62.2,124.4,11.27
201589,364.9,62.1,124.2,14.27
201590,344.8,78.2,156.4,9.43
201596,330,73.2,146.4,9.888
201597,300,66.2,132.4,6.617
201599,330,66.2,132.4,8.007
201807,236,58,116,3.53
201811,240,27,54,3.66
201901,244,46,92,2.39
201905,269,29,58,3.31
201906,260,54,108,5.2
201910,224,90,180,2.25
201912,244,44,88,2.99
201914,223.8,56.5,113,2.16
201916,257.6,29,58,3.26
201917,223.6,62.9,125.8,2.6
201919,283,27.2,54.4,5.95
201920,223.8,57.6,115.2,2.57
201921,246.6,32.4,64.8,3.15
201922,250.8,62.4,124.8,4.02
201923,257.5,40.5,81,4.82
201924,251,62.4,124.8,4
201925,266,27.1,54.2,4.15
201926,247.3,34.2,68.4,3.8
201927,282.6,34,68,6.6
201928,287.7,34.2,68.4,7.9
201929,265.5,34,68,5.1
201930,276,62,124,5
201933,285,43.5,87,7.97
201934,272,28,56,4.28
201938,301.5,34.1,68.2,8.38
201939,248.8,67.2,134.4,4.39
201941,279.7,65.6,131.2,7.22
201942,279.7,71.5,143,7.68
201943,299.6,65.5,131,8.09
201944,279.7,80,160,7.13
201945,279.7,80,160,7.08
201946,299.7,80,160,7.79
201947,248.8,67.2,134.4,5.14
201948,301.7,35,70,7.16
201950,299.7,73.6,147.2,9.55
201951,267.7,73.2,146.4,5.84
201952,249,69.2,138.4,5.09
201953,339.9,34.3,68.6,10.45
201955,323,34.2,68.4,8.929
201956,283,48,96,6.428
201957,290,35,70,4.77
201958,280,71.5,143,8.51
201959,300,73.5,147,10.08
202212,213.8,43.2,86.4,2.9
202213,239.9,35,70,4
202215,250,49.5,99,5.23
202216,239.9,45.2,90.4,3.9
202217,232,36.5,73,3.58
202227,294.8,29,58,6.73
202229,257.8,45,90,3.55
202230,241.8,49.2,98.4,4.46
202231,256.5,49,98,5.5
202232,240,45.4,90.8,4.15
202233,249.4,37,74,5.1
202234,266.7,39.1,78.2,5.69
202235,213.7,46.3,92.6,2.79
202236,260,36.5,73,6.12
202237,234,45.5,91,3.48
202238,250,30,60,4.92
202239,260,57.1,114.2,6.39
202240,214.3,46,92,2.92
202241,214,46.2,92.4,2.845
202242,254,43.2,86.4,5.145
202243,256.7,52.2,104.4,6.4
202244,232,45,90,3.46
202245,247,45.1,90.2,4.09
202246,233.7,39.6,79.2,2.32
202247,280,49.5,99,6.8
202248,257.5,44.5,89,3.35
202249,257.2,45.2,90.4,6.4
202250,276.5,39,78,7.25
202251,280,49.1,98.2,6.57
202252,277.4,45,90,4.2
202253,240,41,82,2.6
202254,249.6,50.1,100.2,5.3
202255,315.7,80,160,7.6
202256,279.7,49.2,98.4,7.64
202257,277.6,45,90,4.22
202261,291.8,62,124,5.42
202262,299.8,38,76,8.78
202263,256.8,44.6,89.2,3.3
202264,259.8,43.9,87.8,5.47
202265,305.8,47,94,10.46
202266,285.8,69.7,139.4,5.42
202267,279.7,49.4,98.8,6.58
202268,237.7,46.2,92.4,3.88
202269,251.7,45.1,90.2,4.85
202270,319.6,49.2,98.4,9.77
202271,307.8,62.1,124.2,5.89
202272,295.8,43.9,87.8,7.15
202273,291.6,62,124,4.69
202275,295.6,38,76,7.81
202276,319.5,37.9,75.8,9.28
202277,279.6,43.9,87.8,6.5
202278,259.7,43.9,87.8,5.165
202279,257,53.7,107.4,6.2
202280,278.2,44.6,89.2,3.82
202281,307.6,62.8,125.6,6.626
202282,237.7,43.7,87.4,3.875
202283,279.8,44,88,6.385
202284,291.8,62,124,4.66
202285,282.6,43.9,87.8,6.98
202286,276,45.1,90.2,7.641
202287,290.1,52.9,105.8,8.13
202289,280,61.7,123.4,6.536
202290,296,44,88,7.3
202291,289.5,47,94,5.6
202292,354.5,49.3,98.6,13.21
202293,349.8,62,124,8.755
202294,295.7,44,88,0
202296,320,44,88,0
202297,292,47,94,0
202302,227.5,45.7,91.4,3.75
202305,252.2,65,130,3.85
202306,266.5,142,284,10.75
202308,256.7,51.5,103,5.01
202309,255.5,61,122,0
202310,271.7,50.4,100.8,4.23
202311,238.7,42.5,85,3.78
202314,240.2,46.5,93,3.62
202319,315,164.9,329.8,13.95
202321,280.3,172.9,345.8,13.35
202326,266.6,183.5,367,12.6
202327,284,39.5,79,6.36
202328,257,50.7,101.4,4.67
202329,251,46,92,4.14
202331,240,46.5,93,4.02
202332,305,44.4,88.8,7.82
202333,281,47.5,95,6.38
202334,275.8,51.8,103.6,4.28
202335,281,47.5,95,6.36
202336,257.2,40.3,80.6,5.11
202337,281,44.7,89.4,5.91
202338,290,140.3,280.6,14.65
202339,290.1,197.5,395,19.45
202341,238.7,42.3,84.6,3.78
202342,259.9,42.6,85.2,4.5
202343,240.2,40.6,81.2,4.12
202344,281,43.6,87.2,6.82
202345,289,84.6,169.2,9.25
202346,276,69.4,138.8,6.6
202347,276,72.7,145.4,8.24
202348,257.2,40.6,81.2,5.11
202350,284,43.2,86.4,6.05
202351,263.9,40.6,81.2,3.58
202352,285,90.5,181,6.82
202353,305,44.7,89.4,8.69
202354,276,66.5,133,6.5
202355,293.7,87.6,175.2,8.74
202356,299.9,74.4,148.8,8.78
202357,289.8,64,128,8.54
202358,290,140.6,281.2,15.61
202359,295.8,69.5,139,7.5
202360,295.9,69.6,139.2,7.57
202361,300.8,59,118,10.23
202362,305.8,132,264,13.4
202363,256.8,40.6,81.2,4.17
202365,257.3,40.5,81,4.36
202366,305,45.8,91.6,7.816
202367,284,43.3,86.6,6.117
202368,251,40.6,81.2,3.392
202369,264,40.5,81,3.645
202506,242,69,138,4.2
202509,262,72.8,145.6,5.46
202510,221,42.5,85,2.8
2025100,316,50.9,101.8,10.1
2025101,302,50.8,101.6,5.15
2025102,316,51,102,5.72
2025103,278,39.9,79.8,6.72
2025104,301.8,61,122,0
2025105,320,48.4,96.8,8.58
202511,262.5,72.8,145.6,6.05
202512,239.5,58.3,116.6,4.03
202513,239.5,58,116,3.48
202514,239.4,58.1,116.2,4.5
202517,270,71.2,142.4,5.65
202518,270,71.2,142.4,5.8
202520,245,27,54,3.8
202521,260,53,106,6
202522,252.8,33,66,3.38
202523,254,31.5,63,5.3
202524,260,53.3,106.6,5.43
202525,239.2,46,92,3.97
202526,239,43,86,3.2
202527,322,126,252,15.675
202528,239.5,42.8,85.6,3.9
202529,260,58,116,5.7
202530,239.5,58.1,116.2,4.6
202531,254,43,86,5.8
202532,270,43,86,6.43
202533,260,47,94,5.4
202535,252.3,43.9,87.8,4.12
202536,253,33,66,3.38
202537,260,53.3,106.6,5.5
202538,278,53.1,106.2,6.63
202539,272.8,42.7,85.4,4.725
202540,259.8,43.9,87.8,5.35
202541,270.1,62.7,125.4,4.64
202542,278,47,94,6.28
202543,239.5,42.9,85.8,3.61
202544,294,43,86,7.11
202545,287.8,55.4,110.8,7.29
202546,268,45.7,91.4,4.15
202547,253.8,43,86,5.8
202548,269.8,43,86,6.43
202549,258,43.4,86.8,5.2
202550,300,47,94,7.1
202551,279.8,34.1,68.2,5.05
202552,294,41,82,5.82
202553,277.9,35.2,70.4,6.3
202554,276,42.9,85.8,6.1
202555,277.9,44.4,88.8,7
202558,264.8,40.8,81.6,4.1
202564,277.8,53.8,107.6,4.78
202565,286,65.7,131.4,7.34
202566,324,52.7,105.4,8.44
202567,300.1,44.5,89,7.13
202570,315.7,52,104,10.11
202571,301.7,50.8,101.6,5.07
202572,285,58.3,116.6,5.26
202573,300,52,104,8.53
202574,280,32.9,65.8,3.93
202575,280,54.4,108.8,7.57
202576,300,54.4,108.8,8.96
202577,280,16.3,32.6,5.509
202578,283,55.2,110.4,6.37
202579,280,68.8,137.6,8.34
202580,257.9,43.9,87.8,5.778
202581,300,52,104,8.75
202582,278,48.6,97.2,6.479
202583,279.8,50.8,101.6,4.639
202584,270.9,40.8,81.6,4.23
202585,277.9,44.9,89.8,7.05
202586,284,43.9,87.8,5.975
202587,300,54.4,108.8,8.963
202588,278,43.9,87.8,6.657
202589,288,55.5,111,9.66
202590,288,68.8,137.6,8.728
202591,300,48.5,97,8.307
202592,320,48.4,96.8,8.846
202593,308,55.4,110.8,11.31
202594,308,61,122,11
202595,308,25.6,51.2,6.55
202596,308,22,44,6.8
202597,308,68.8,137.6,9.76
202599,300,51.1,102.2,8.84
202605,230.9,44.2,88.4,3.4
202607,241.5,49.6,99.2,4.2
202608,261.6,51.2,102.4,5
202612,241.8,44,88,4.2
202613,239,48.4,96.8,3.19
202614,261.5,44.7,89.4,5.01
202615,239.5,45,90,4.4
202616,259.7,47.2,94.4,5.2
202617,231,49.6,99.2,3.82
202618,281.7,34.5,69,5.83
202619,259.8,43.1,86.2,3.55
202620,281.7,47.2,94.4,6.1
202621,238.7,47.6,95.2,3.065
202622,281.3,47,94,5.9
202623,260,63.8,127.6,4.18
202624,300,47.1,94.2,7.12
202625,281.5,47.1,94.2,6.92
202626,281.7,47.3,94.6,6.2
202627,281.7,58.3,116.6,4.86
202628,239.6,39.2,78.4,4.15
202630,239.5,39,78,3.77
202631,282,57,114,4.17
202632,259.7,44.7,89.4,5.39
202633,259.7,48.7,97.4,3.7
202634,259.6,48.5,97,3.67
202635,300,47,94,6.85
202636,281.8,47.2,94.4,6.38
202637,279.6,47.1,94.2,6.8
202638,259.7,49.2,98.4,3.67
202641,260,42,84,3.32
202642,304.6,57.2,114.4,4.94
202643,260,48.1,96.2,3.53
202644,281.8,59,118,4.12
202645,281.9,61,122,4.23
202646,299.7,47.2,94.4,8.22
202647,257.7,39.2,78.4,4.83
202648,261.5,44.7,89.4,4.98
202649,296,47.2,94.4,8.06
202650,282,48.7,97.4,4.08
202651,319.8,47.2,94.4,10.24
202652,304.8,57.2,114.4,4.77
202653,292.9,47.1,94.2,7.99
202654,299.6,47,94,7.43
202655,259.8,31.1,62.2,3.18
202656,261.7,44.6,89.2,5
202657,238.8,33.3,66.6,2.73
202658,300,47,94,8.1
202659,282,47,94,6.1
202660,299.8,47.2,94.4,8.1
202661,280,47.1,94.2,6.65
202662,293,47.3,94.6,7.381
202663,276,31.7,63.4,3.529
202664,302,57.1,114.2,5.159
202665,230.7,39.2,78.4,3.06
202666,281.8,47.1,94.2,7.29
202667,261.9,47.1,94.2,5.071
202668,259.4,48.3,96.6,3.51
202669,315,47.2,94.4,0
203001,229,39.5,79,3.45
203003,255,45.2,90.4,5.26
203005,243,34,68,3.6
203006,276,45,90,5.65
203007,241.9,34,68,3.68
203008,266.2,45.3,90.6,6.25
203009,265,49.2,98.4,3.9
203010,255,45.3,90.6,4.63
203011,236,33.8,67.6,3.45
203012,256,34,68,4.81
2030129,330,58.4,116.8,0
203013,265.8,34,68,5.345
203014,255.3,33.5,67,4.61
203016,276,45.2,90.4,5.95
203017,277,45,90,6.15
203018,233.9,45.2,90.4,3.63
203019,258,45,90,5.055
203020,234,34,68,3.37
203021,236,45.1,90.2,3.6
203022,314.8,84,168,8.54
203023,257.4,33.3,66.6,4.8
203024,262,60.2,120.4,4.08
203025,256,45.2,90.4,4.81
203026,258.1,33.8,67.6,5.1
203027,260,41,82,3.41
203028,275.7,45,90,6.84
203029,254,40,80,4.82
203030,275.5,45.1,90.2,5.65
203031,235.2,40.8,81.6,2.65
203032,276,45.2,90.4,6.02
203033,289.8,46.2,92.4,6.1
203034,276,45,90,6
203035,256,45.6,91.2,5.12
203036,249.9,38.4,76.8,3.11
203037,265,49.5,99,3.91
203038,256.2,45.1,90.2,4.45
203039,256,45,90,4.17
203040,283.8,60,120,6.01
203041,299.8,72.3,144.6,6.43
203042,262,60.1,120.2,4.08
203043,294,45.6,91.2,6.58
203044,314,45.2,90.4,6.86
203045,260,41.2,82.4,3.55
203046,290,45.7,91.4,7
203047,302,60.3,120.6,5.66
203048,285,38.6,77.2,5.76
203049,261.8,60.3,120.6,4.03
203051,254,39,78,4.81
203052,275.9,45.5,91,6
203053,302,58.6,117.2,5.51
203054,289.8,46.2,92.4,7.15
203055,332,56.2,112.4,9.34
203056,330.9,74.4,148.8,7.75
203057,276,45.6,91.2,5.72
203058,262,60.2,120.4,4.13
203059,294,46.3,92.6,7.08
203060,275.9,45.7,91.4,5.86
203081,330,58.3,116.6,8.5
203082,294,45.6,91.2,6.877
203083,302,60.1,120.2,5.336
203085,302,36.2,72.4,4.65
203086,280.8,46.6,93.2,6.657
203087,251,41.8,83.6,4.23
203201,243,49,98,3.4
203204,230,33.5,67,2.99
203206,229.2,95.5,191,5.23
203208,227,31,62,3.2
203210,229,34.5,69,3.7
203211,250,34.5,69,4.51
203216,237.8,31,62,4.1
203217,228.6,34.5,69,3.53
203218,250,34.5,69,4.6
203219,242,37.7,75.4,4.05
203220,263.6,46.5,93,5.32
203222,256,20,40,4.35
203223,234.5,45,90,3.59
203224,268,20,40,4.58
203225,234.7,45,90,3.35
203226,271.6,24.7,49.4,5.7
203227,257.8,48.5,97,5.2
203228,261,40,80,3.63
203229,259,73.2,146.4,5.9
203230,257,45,90,5.36
203231,250.5,34.5,69,3.07
203232,235,45.1,90.2,4.4
203233,259,72,144,5.395
203234,234.6,46.2,92.4,4.4
203235,257.6,47,94,5.55
203236,219,37.1,74.2,3
203237,254.6,44.9,89.8,4.38
203238,260,31,62,0
203239,231,34.5,69,2.65
203241,273.6,47.4,94.8,6.51
203242,285.6,56.5,113,5.43
203243,275.7,58,116,8.15
203245,282.8,48.5,97,7.7
203246,279.7,40,80,4
203247,295.7,51,102,8.28
203248,261,40,80,3.65
203250,264.8,40.8,81.6,4.02
203251,277.9,48.5,97,7.06
203252,279.9,40.9,81.8,4.36
203253,299.9,48.5,97,8.12
203254,273.9,51.1,102.2,7.09
203255,255.7,24,48,5
203256,273.7,24,48,5.75
203257,250.8,34.5,69,2.93
203258,273.6,45,90,5.74
203261,301.8,40.8,81.6,4.88
203263,278.1,47,94,6.593
203265,313.5,40.9,81.8,5.28
203266,319.7,45.9,91.8,9.41
203267,257.9,44,88,5.71
203268,298.6,48.4,96.8,8.38
203269,279.7,40.4,80.8,4
203270,289.6,45.1,90.2,6
203271,288.7,70.3,140.6,8.85
203272,320,48.4,96.8,9.58
203273,324.6,56.2,112.4,7.897
203274,319.8,48.5,97,9.9
203275,295.7,48.3,96.6,8.397
203276,301.8,56.7,113.4,6.666
203277,285.5,57.8,115.6,5.658
203278,297,51.5,103,8.205
203279,303,39.5,79,4.524
203280,278,39.5,79,4.039
203281,280,51.5,103,6.275
203282,295,51.5,103,7.335
203283,265,39,78,3.531
203303,273.3,63.5,127,5.2
203304,277.9,63.4,126.8,5.2
203305,278.8,71.5,143,4.306
203306,261.8,45.5,91,4
203307,258,55.2,110.4,3.08
203308,283.9,43.5,87,5.81
203309,284,46.5,93,4.8
2033100,295.2,64.5,129,8.44
2033101,299.9,57.7,115.4,4.91
2033102,322,64.5,129,10.62
2033103,322,64.3,128.6,10.87
2033104,278,57.7,115.4,4.01
2033105,300,57.1,114.2,7.21
2033106,288,64.5,129,7.11
2033107,284.8,72,144,6.87
2033108,344,64.6,129.2,12.7
203311,279.8,78.6,157.2,7
2033110,295,64.4,128.8,8.356
2033111,280,52.2,104.4,6.586
2033112,292,51.1,102.2,7.39
2033113,276,44.2,88.4,3.792
2033114,330,46.7,93.4,9.881
2033116,295,51.2,102.4,8.118
2033117,330,46.5,93,9.9
2033118,350,64.5,129,12.9
2033119,335,64.5,129,10.96
2033120,320,55.5,111,8.2
2033121,315.2,83,166,11.2
2033122,280,45,90,7.79
2033123,320,51.1,102.2,9.343
2033124,320,51.1,102.2,9.295
2033125,295,51.1,102.2,8.124
2033126,295,42.7,85.4,4.55
2033127,375,54.6,109.2,16.359
2033128,279.8,38.2,76.4,4.07
2033129,330,58.4,116.8,10.51
203313,262,44.5,89,4.85
2033130,300,53,106,5.49
2033136,300,51.9,103.8,7.74
2033138,295,42.7,85.4,0
203314,238.3,122,244,6.22
203315,303,83,166,8.11
203316,284,43.5,87,4.8
203317,284,43.5,87,5.64
203318,258,55.5,111,3.22
203319,300,45.5,91,8
203320,278,58,116,4.01
203321,284,43.5,87,5.7
203322,278,68,136,6.45
203324,300,68.3,136.6,7.95
203325,279.6,78.6,157.2,8.7
203326,278,55.5,111,3.83
203328,294.8,49.4,98.8,6.75
203329,320,82,164,12.5
203330,289.8,59.7,119.4,5.51
203331,300,60,120,7.37
203332,288,46.5,93,6.53
203333,280,65.2,130.4,4.3
203334,275.7,76.8,153.6,6.765
203335,275.8,60,120,5.8
203336,272,96.6,193.2,6.98
203337,258,96.6,193.2,6.2
203338,294,49.5,99,7.3
203339,290,57.2,114.4,4.8
203340,290,56,112,5.06
203341,299.8,46.5,93,8.3
203342,289.7,55.4,110.8,4.53
203343,316,46.5,93,9.02
203344,284.8,92.9,185.8,7.195
203345,259.6,40.5,81,3.75
203346,259.6,40.5,81,4.6
203347,302.8,51.1,102.2,7.675
203348,280,38,76,3.85
203349,278,66.6,133.2,6.5
203350,310,82,164,8.4
203351,330,76,152,10.45
203352,300,58.5,117,6.75
203353,312,76,152,8.55
203354,284.8,55.5,111,6
203355,258,53.5,107,2.98
203356,345,51,102,11.75
203357,331,55,110,8.1
203358,295.1,54.6,109.2,7.25
203359,295.2,54.5,109,8.25
203360,312,64.6,129.2,8.95
203361,330,64.4,128.8,10.78
203362,300,65.5,131,5.15
203363,300,65.6,131.2,7.1
203365,300,58.4,116.8,5
203366,360,64.5,129,15.49
203367,275.9,60,120,6.7
203368,258,96.6,193.2,6.16
203369,270,35.6,71.2,5
203370,275.9,35.4,70.8,5.261
203371,276,44.6,89.2,4.52
203372,276,44.7,89.4,5.6
203373,288,44.4,88.8,6.27
203374,258,57.2,114.4,3.22
203375,299.5,58.4,116.8,8.43
203376,296,57.6,115.2,4.68
203377,275.8,77,154,6.85
203378,271.2,96.6,193.2,6.88
203379,330,68.1,136.2,9.69
203380,345.1,76,152,12.42
203381,303.9,47.6,95.2,9.29
203382,330,47.6,95.2,11.49
203383,360,76,152,16.46
203384,314.9,58.5,117,7.36
203385,330.2,61.1,122.2,9.56
203386,303.9,47.4,94.8,9.51
203389,300.1,55.4,110.8,7.1
203390,345,46.6,93.2,11.66
203391,330.2,62.9,125.8,7.62
203392,330,54.7,109.4,11.79
203393,350.2,54.7,109.4,13.15
203394,330,62.8,125.6,8.15
203395,258,96.6,193.2,6.11
203396,271.2,96.6,193.2,6.92
203397,275.8,77,154,6.62
203398,304,91,182,10.67
203399,324,91,182,11.66
203401,257,34,68,4.9
203402,242,40.5,81,3.92
203403,257.3,45,90,4.93
203404,252.8,28.7,57.4,4.65
203405,254,40,80,4.84
203406,258,40.2,80.4,3.52
203407,230,43.7,87.4,3.174
203408,242.2,37,74,4.05
203409,240.8,52,104,4.62
203410,257,46.7,93.4,5.8
203411,257,45.5,91,5.5
203412,262,61,122,4.18
203413,275.8,47.2,94.4,6.85
203414,284,61.1,122.2,4.75
203415,294,46.3,92.6,7.2
203417,280.1,42.8,85.6,7.16
203418,255.5,47.9,95.8,4.9
203419,240.9,48,96,4.53
203420,280,47.3,94.6,6.85
203421,280,47.4,94.8,7.08
203422,300,47.2,94.4,8.47
203423,280,47.3,94.6,7.06
203424,262,61.2,122.4,4.18
203425,284,54.3,108.6,4.47
203426,258,45.4,90.8,4.12
203427,315,86.4,172.8,8.35
203428,233.9,50.8,101.6,3.67
203429,277,45.2,90.4,5.97
203430,262,63.8,127.6,4.4
203431,321,49.1,98.2,10.2
203432,301.9,71.5,143,6.47
203433,300,47.4,94.8,8.02
203435,274.1,44.3,88.6,6.42
203436,300,52.5,105,9.75
203437,324,82.6,165.2,7.51
203438,255.9,46.8,93.6,4.55
203439,303.3,42.8,85.6,8.2
203440,321.1,50.8,101.6,12.035
203442,284,24.9,49.8,3.773
203443,320,47.4,94.8,9.407
203444,300,24.7,49.4,4.265
203445,280,44.4,88.8,6.208
203446,261.9,45.1,90.2,3.723
203448,324,66.9,133.8,7.388
203449,275,47.4,94.8,6.44
203450,321,49.2,98.4,10.792
203451,320,56.6,113.2,9.795
203452,345,56.5,113,12.513
203453,314,60.4,120.8,6.6
203454,314,60.1,120.2,7.014
203501,241.7,42.6,85.2,4.2
203502,258,48.6,97.2,5.61
203503,260.8,39.9,79.8,3.56
203504,284.1,51,102,6.36
203505,258,48.6,97.2,0
203506,273.8,47.5,95,5.95
203507,257.7,48.5,97,5.68
203508,260.5,40.2,80.4,3.66
203509,284,51.1,102.2,6.18
203510,234.8,45.1,90.2,4.37
203511,279.8,48.8,97.6,6.9
203512,275.1,47.3,94.6,6.36
203513,258,41.3,82.6,3.66
203514,273.8,48.6,97.2,7.32
203516,253.7,50.7,101.4,5.3
203517,241,48.7,97.4,3.96
203518,234,37.5,75,2.94
203519,301.8,54,108,8.39
203520,314.9,87.5,175,8.46
203521,270,61.1,122.2,4.2
203522,273.8,50.6,101.2,7.5
203523,256,46.6,93.2,5.11
203524,300,54.1,108.2,8.62
203525,323.8,69.5,139,7.16
203526,280,47.2,94.4,7.02
203527,262,61.1,122.2,3.89
203529,252,48.7,97.4,4.53
203530,314.9,78.5,157,7.9
203531,262,63.7,127.4,4.2
203532,274.8,61,122,4.59
203533,258,40.5,81,3.55
203534,302,71.4,142.8,5.85
203535,257.8,56,112,7.32
203536,280,43.9,87.8,6.07
203537,256,43.8,87.6,4.62
203538,280,44.3,88.6,6.281
203539,262,43.9,87.8,3.722
203540,283.4,70,140,4.98
203541,284,25.8,51.6,3.922
203542,284,45,90,4.038
203605,236,41.5,83,3.11
203606,236,41.3,82.6,3.8
203608,236,41,82,3.81
203609,258,58.3,116.6,4.6
203610,269.8,67,134,4.7
203611,257.9,58.4,116.8,5.7
203612,280,58.5,117,6.44
203613,256,41,82,5.15
203614,245.8,55.5,111,5.03
203615,246,55.6,111.2,4.425
203616,261,80.1,160.2,5.97
203617,255.9,41,82,4.85
203618,259.8,69.2,138.4,3.76
203619,269.8,77.1,154.2,4.7
203620,285.8,58.3,116.6,7
203621,286,69.2,138.4,5.28
203622,295.8,58.3,116.6,7.84
203623,269.7,69.2,138.4,4.33
203624,285.7,69.3,138.6,4.81
203625,287.8,42.3,84.6,7.42
203626,270,77,154,4.55
203627,280,36,72,7.33
203628,280,36,72,7.4
203629,255.8,41.1,82.2,4.8
203630,279.8,42,84,6.35
203631,264,43,86,3.65
203632,255.6,41.1,82.2,3.785
203633,240,42,84,3.05
203634,277.9,52.1,104.2,6.82
203635,313,80,160,7.05
203636,278,51.2,102.4,5.04
203637,260,41,82,5
203639,305.3,49.8,99.6,9.56
203640,240,41,82,4.02
203641,240,41.1,82.2,3.25
203642,247,44,88,3.96
203643,305,67,134,6.66
203644,305.3,77.9,155.8,10
203645,284.9,42.1,84.2,6.7
203646,278,41.5,83,4.42
203647,279.9,102.3,204.6,7.8
203648,301.8,45,90,8.43
203649,239.7,40.6,81.2,3.04
203650,291.9,41.5,83,5.08
203651,279.7,43.2,86.4,6.52
203652,280,42.2,84.4,6.6
203653,314,45.2,90.4,9.21
203654,307.8,42,84,8.22
203655,264,42.1,84.2,3.71
203657,285.9,69.6,139.2,5.77
203658,279.9,102.3,204.6,8.735
203660,278,43.2,86.4,6.3
203662,279,83.2,166.4,5.15
203664,277.9,42,84,3.95
203665,303,71.7,143.4,7.24
203666,295.9,51.6,103.2,8.49
203667,296,51,102,6.68
203668,292,48,96,5.52
203669,321,50.9,101.8,9.9
203670,315,48,96,8
203671,337,51,102,10.97
203672,264,40.6,81.2,3.576
203673,320.9,43.5,87,9.3
203674,263.9,45.1,90.2,3.745
203675,321,45.6,91.2,9.78
203676,315,45,90,7.926
203677,300,45.5,91,8.575
203678,296,44,88,8.95
203712,247.4,44.3,88.6,4.5
203713,272.6,43,86,5.25
203716,247.2,34.3,68.6,3.09
203717,290.1,44.1,88.2,4.7
203718,246.8,20,40,2.65
203719,259.5,28.2,56.4,5.49
203720,282.5,28,56,7
203721,290.2,60,120,5.18
203722,246.7,35.1,70.2,3.1
203723,282,48,96,7.11
203724,309,43,86,9.42
203725,289.8,51,102,0
203726,304.9,28,56,7.85
203727,282.8,47.9,95.8,7.12
203728,329.8,48,96,11.18
203729,289.8,35,70,4.96
203730,309.8,43.5,87,9.51
203731,279.7,82,164,7.42
203732,279.7,82,164,7.29
203734,303.7,48,96,9.78
203735,279.7,48.1,96.2,7.94
203736,289.8,49,98,5.7
203737,301.8,34.2,68.4,7.64
203738,248.8,73.2,146.4,4.58
203740,289.5,50,100,5.16
203741,282.8,48,96,7.05
203742,303.8,48.1,96.2,8.6
203743,289.7,34.9,69.8,4.91
203744,289.7,44,88,5.175
203745,340,48,96,10.67
203746,266,48,96,5.29
203747,283,48,96,6.67
203748,248.7,34.9,69.8,3.205
203749,268,35,70,4.234
203750,302,34.1,68.2,7.538
203751,340,34.3,68.6,10.443
203752,330,48,96,0
203901,227.8,38.5,77,2.75
203905,252.5,53.4,106.8,5.53
203906,238,41,82,2.74
203907,277.8,70,140,7.3
203908,238,41,82,3.48
203909,237.8,41.4,82.8,4
203910,258.5,41,82,4.75
2039100,300,43,86,8.785
2039101,299.9,43.9,87.8,8.083
2039102,269,44.1,88.2,0
203911,262,44,88,5.75
203912,262,44,88,5.77
203913,280,44,88,6.9
203914,265,44.3,88.6,4.07
203915,265,44.3,88.6,4
203916,237.9,74.6,149.2,3.68
203917,237.8,74.7,149.4,3.68
203918,237.6,74.6,149.2,3.88
203919,280,43.9,87.8,7.15
203920,280,61.5,123,7.15
203921,280,58,116,6.65
203922,258.8,46,92,4.95
203923,254,54,108,3.85
203924,254,54,108,3.9
203925,243.7,31.6,63.2,4.5
203926,265,31.5,63,5.35
203927,238,74.5,149,3.34
203928,258.5,41,82,0
203929,265,54.3,108.6,4.21
203930,279.7,47,94,7.18
203931,274,82.3,164.6,6.32
203932,300,47,94,9.1
203933,323.7,47,94,11.2
203934,265,44.4,88.8,4.09
203935,274.1,82.1,164.2,7.04
203937,240.1,80.6,161.2,4.3
203938,237.7,41,82,3.55
203939,258.8,41,82,4.09
203941,280,45.1,90.2,5.07
203942,304.9,44,88,8.37
203943,300,84.6,169.2,7.39
203944,237.8,74.7,149.4,4.58
203945,237.6,74.6,149.2,4.78
203946,274.1,82.1,164.2,7.96
203947,300,43.7,87.4,8.14
203948,307.9,47,94,9.9
203949,238,46,92,4
203950,285,31.8,63.6,5.88
203951,265,44.3,88.6,4.07
203952,300,82.2,164.4,7.18
203961,308,47,94,9.85
203962,300,84.6,169.2,7.39
203963,273.5,84,168,7.3
203964,240.1,80.6,161.2,4.3
203965,269.9,80.7,161.4,5.61
203966,312.1,63,126,7.99
203967,274,80.2,160.4,7.1
203968,319.6,44,88,9.45
203969,319.8,43.9,87.8,9.33
203970,280,44,88,6.71
203971,295.9,43.9,87.8,7.871
203972,300,81.7,163.4,7.95
203973,260,86.1,172.2,6.069
203974,279.9,43.9,87.8,6.66
203975,274,88.1,176.2,7.279
203976,302,69.8,139.6,9.3
203977,304.9,71.5,143,6.44
203978,304.9,71.5,143,6.73
203979,301.9,50.9,101.8,7.7
203982,279.9,44,88,7.11
203986,300,103.9,207.8,9.9
203987,300,102.8,205.6,9.34
203988,300,103.4,206.8,10.17
203989,290,91.9,183.8,8.86
203990,270,82.4,164.8,6.45
203991,274,87.9,175.8,8.3
203992,257.8,43.9,87.8,5.452
203993,259.8,86.2,172.4,6.468
203996,258,44,88,4.697
203997,280,44,88,6.663
204001,298,70.2,140.4,6.9
204002,289.6,61.2,122.4,7.15
204003,298,70,140,8.47
204006,238,47.2,94.4,3.69
204007,262.5,47.2,94.4,5
204009,261.9,51.2,102.4,5.2
204010,284.8,51.2,102.4,6
204011,260,43.2,86.4,3.51
204012,261.3,44.6,89.2,4.4
204013,283.7,38.2,76.4,5.86
204014,262.1,50.8,101.6,4.91
204015,297,64.6,129.2,8.06
204016,276,44,88,5.4
204017,259,44,88,3.4
204018,280,61.9,123.8,4.5
204019,304,62.6,125.2,6.84
204020,276.8,51.3,102.6,5.8
204021,276,53.2,106.4,6.11
204022,297.2,91.4,182.8,8.75
204023,275,62.8,125.6,6.6
204024,240.2,43,86,3.3
204025,344,75.8,151.6,12.25
204026,317,62,124,9.97
204027,337.4,61.9,123.8,11.39
204028,325,58.7,117.4,7.72
204029,350,58.9,117.8,8.83
204031,302.2,66,132,6.38
204033,302.2,66,132,7.33
204034,280,44.7,89.4,5.41
204035,293.8,44.1,88.2,6.35
204036,259,44,88,3.35
204037,360,62.1,124.2,11.61
204038,293.9,44,88,6.5
204039,298.2,59.1,118.2,7
204040,293.9,44.2,88.4,6.34
204041,365.2,75,150,10.56
204042,380,61.9,123.8,14.915
204043,354,74.8,149.6,9.183
204044,360.2,81,162,12.117
204045,344,76,152,11.97
204046,316,45.2,90.4,7.517
204047,354,74.8,149.6,8.8
204048,280,45.1,90.2,0
204049,259,50.8,101.6,0
204050,276,44,88,5.41
204052,350,49,98,0
204053,325,52,104,0
204101,266.5,51,102,4.3
204102,269.4,66.1,132.2,4.26
204103,280,47.5,95,0
204104,279.6,65.3,130.6,5.45
204105,279.8,43.6,87.2,5.86
204106,279.8,43.4,86.8,6.1
204107,258,43.2,86.4,3.25
204108,279.6,43.9,87.8,6.72
204109,280,70.3,140.6,5.78
204110,285.8,69.2,138.4,4.88
204111,300,69.1,138.2,6.44
204112,345,45.4,90.8,11.925
204302,252,54,108,3.47
204304,235.7,45.5,91,3.56
204305,235.8,45.6,91.2,3.62
204306,236,48.6,97.2,3.7
204401,230,51.9,103.8,3.89
204402,242,43.8,87.6,4.18
204403,260,56.9,113.8,5.6
204404,266,66.8,133.6,4.37
204405,230.4,52,104,3.89
204406,277,56.8,113.6,6.17
204409,242.5,52.9,105.8,4
204410,211.9,36.6,73.2,2.9
204411,265.8,67.7,135.4,5
204412,293.5,56.7,113.4,6.45
204413,221,50,100,3.05
204414,289.8,67.4,134.8,5.49
204415,290,65.8,131.6,4.86
204416,273.8,67.5,135,4.66
204417,326,52.8,105.6,10.19
204418,285.8,61.7,123.4,4.98
204419,315.8,56.9,113.8,9.95
204420,326,52.7,105.4,10.182
204421,315.5,56.6,113.2,10.44
204422,273.8,61.8,123.6,4.638
204423,316,65.7,131.4,7.906
204424,316,65.8,131.6,7.894
204425,278,63.5,127,0
204426,289.7,63.6,127.2,0
204501,200,35.5,71,0
204503,218,29.6,59.2,2.975
204508,226,31,62,2.96
2045100,235,43.3,86.6,3.7
2045101,312,68.2,136.4,6.26
2045102,247,35.3,70.6,4.46
2045104,334,50.9,101.8,11.3
2045105,334,50.9,101.8,11.3
2045106,310,67.3,134.6,6.3
2045107,255,46.3,92.6,5.1
2045108,275,46.3,92.6,6.17
2045109,259,30.3,60.6,3.14
2045110,262.6,41.1,82.2,4.06
2045111,278,25,50,3.31
2045112,290,57,114,4.98
2045113,280.6,46.2,92.4,5.88
2045114,281,55,110,4.82
2045115,258,46.2,92.4,4.95
2045116,295,49.3,98.6,7.74
2045117,296,49.3,98.6,7.38
204512,243,39.2,78.4,3.3
2045120,273,49.2,98.4,6.58
2045121,275,46.3,92.6,5.86
2045122,295,49.2,98.4,7.83
2045123,270,36.7,73.4,3.66
2045124,259,30.4,60.8,3.12
2045125,294.8,49,98,7.67
2045126,279.6,59,118,4.59
2045129,320,49.3,98.6,9.78
2045131,290,33.8,67.6,4.44
2045132,275,46.5,93,5.94
2045133,259,40.8,81.6,4.138
2045134,255,46.2,92.4,4.77
2045135,291,61.2,122.4,4.84
2045136,297,58.4,116.8,5.51
2045137,255,58.6,117.2,5.79
2045138,256.9,58.4,116.8,5.98
204514,243,47.2,94.4,3.94
2045140,297.2,67.4,134.8,6.65
2045142,255,49.3,98.6,5.3
2045143,259,30.4,60.8,3.13
2045144,269,65,130,4.22
2045145,318.8,67.2,134.4,7.9
2045146,357,60.3,120.6,13.2
2045147,357,60.3,120.6,13.4
2045148,335,65.7,131.4,8
2045149,335,65.7,131.4,8
204515,243,47.6,95.2,4.68
2045150,337.9,68.4,136.8,9.9
2045151,360,60.7,121.4,12.07
2045152,344.9,61.7,123.4,9.76
2045153,284.7,48.4,96.8,7.336
2045154,258,51.4,102.8,5.84
2045155,287,48.3,96.6,7.48
2045156,268.6,55.6,111.2,3.532
2045157,255,49.2,98.4,4.61
2045158,288,60.6,121.2,4.72
2045159,281,66.8,133.6,4.82
204516,242.8,45.6,91.2,4.8
2045160,288,69.4,138.8,5.14
2045161,329.2,102.6,205.2,7.943
2045162,345,76.4,152.8,7.7
2045163,254.9,49.3,98.6,4.4
2045164,275,49.4,98.8,6.26
2045165,296,50.7,101.4,9.05
2045166,296,50.6,101.2,9.04
2045167,296,49.3,98.6,7.3
2045168,319,49.2,98.4,8.3
2045169,296,50.8,101.6,9.05
2045170,277,49.2,98.4,6.732
2045171,340,83.3,166.6,10.71
2045172,278.9,30.3,60.6,3.95
2045173,275,46.3,92.6,6.38
2045174,238,48.4,96.8,4.487
2045175,280,48,96,7.79
2045176,328,49.4,98.8,9.059
2045177,312,67.9,135.8,0
2045178,280,46.2,92.4,0
204520,226.5,41.5,83,3
204522,302,48,96,6.43
204524,302,48,96,5.8
204525,255,41.7,83.4,4.68
204526,238,48.2,96.4,4.2
204527,238,48,96,3.58
204528,234,38,76,5.1
204529,226,42,84,3.1
204530,238,48,96,4.83
204532,270.8,52.5,105,6.15
204533,268.9,64.5,129,4.3
204534,257.7,48,96,4.95
204535,243,47.2,94.4,3.9
204536,255,48,96,5.17
204538,255,48,96,5.05
204539,254.7,49,98,4.95
204540,255,49.3,98.6,5.8
204541,286,58,116,7.035
204542,311.4,58.2,116.4,8.28
204543,255,48,96,4.75
204544,255.2,49.2,98.4,5.16
204545,255,46.2,92.4,4.74
204546,290.8,68.3,136.6,5.5
204547,254.8,49,98,5.58
204548,268.8,64.4,128.8,4.41
204549,275,49.4,98.8,6.73
204551,238,46.8,93.6,4.29
204552,241.7,36.5,73,2.85
204553,231,47.2,94.4,3.125
204555,258,47.5,95,5
204556,263,46.2,92.4,3.85
204557,275,48.3,96.6,6.2
204558,269,64.3,128.6,4
204559,238,42.8,85.6,3.96
204560,279,52.6,105.2,6.4
204561,285,45.4,90.8,7.47
204562,301.7,46.3,92.6,5.37
204563,254,43,86,3.74
204564,260,49.3,98.6,5.53
204565,235,43,86,3.72
204566,228.7,43.3,86.6,3.23
204567,285.2,45.5,91,7.62
204568,234,20.9,41.8,3.35
204569,254.5,52.7,105.4,5.26
204570,287.6,64.8,129.6,5
204571,228.7,43.2,86.4,3.32
204572,255,49.3,98.6,5.1
204573,306.7,67,134,5.6
204574,303,62.2,124.4,5.34
204575,312,67.8,135.6,6.3
204576,290.8,68.7,137.4,5.7
204577,318.5,70.5,141,6.5
204578,275,49.2,98.4,6.3
204579,254.8,49.3,98.6,5.05
204580,275,49.3,98.6,7.04
204581,268.9,55.7,111.4,3.7
204582,254.8,49.1,98.2,5.2
204583,275,49.1,98.2,6.02
204584,257.9,55.9,111.8,3.5
204585,279,55.8,111.6,4.088
204586,274.7,49.3,98.6,6.34
204587,265.9,36.3,72.6,3.43
204588,254.9,43,86,4.74
204589,280,55.8,111.6,4.6
204590,277,49.5,99,6.92
204591,294.9,49.2,98.4,7.73
204592,296,49.2,98.4,7.87
204593,271,60.8,121.6,4.31
204594,288,64.9,129.8,4.99
204595,276,49.2,98.4,6.99
204596,275,49.4,98.8,7.05
204597,312.8,69.7,139.4,8.32
204598,337.6,67.3,134.6,9.16
204599,239.9,59.7,119.4,3.47
204701,278,82,164,6
204704,239,38.5,77,2.93
204706,239,44.5,89,2.72
204708,278,86,172,6.31
204709,281,90,180,8.63
2047100,320.8,59.4,118.8,10.23
2047101,238.7,37.9,75.8,3.64
2047102,329.7,68.5,137,11.152
2047103,349.7,68.5,137,12.07
2047104,329.7,68.5,137,11.07
2047105,349.7,68.5,137,12.07
2047106,329.7,73.7,147.4,8.52
2047107,320,46.1,92.2,9.82
2047108,347,59.5,119,11.25
2047109,301.7,49.2,98.4,5.3
2047110,329.9,49.1,98.2,7.75
2047111,287.7,35.8,71.6,4.9
2047112,344.9,46.3,92.6,11.88
2047113,299.8,35.9,71.8,6.08
2047114,314,75.5,151,7.59
2047115,312,49.7,99.4,8.6
2047116,285.8,48.3,96.6,4.78
2047117,278,118.5,237,0
2047118,258,95.4,190.8,8.15
2047119,226,71.3,142.6,4.45
2047120,244.8,83.7,167.4,5.43
2047121,225.7,71.5,143,4.52
2047122,298,71.4,142.8,7.28
2047123,299.6,68.4,136.8,9.25
2047124,303,93,186,10.04
2047125,359.8,59.4,118.8,13.58
2047126,310,42,84,6.77
2047127,319.8,52.1,104.2,9.8
2047128,344.7,51.8,103.6,10.74
2047129,299.9,36.2,72.4,5.16
2047130,329.9,36.2,72.4,7.76
2047131,255.8,47.8,95.6,4.72
2047132,313.8,52,104,8.37
2047133,281.8,48.3,96.6,4.6
2047134,311.9,46.2,92.4,8.57
2047135,319.8,46.4,92.8,9.51
2047136,309.9,48.5,97,6.8
2047137,271.8,48.3,96.6,3.85
2047138,358,73.5,147,9.72
2047139,302.9,56.9,113.8,8.38
2047140,320.9,52.2,104.4,10.02
2047141,340,49.7,99.4,10.73
2047142,339.8,55.4,110.8,12.3
2047145,339.8,55.4,110.8,12
2047146,314,49.6,99.2,9.33
2047147,330,42.5,85,7.75
2047148,302,42.4,84.8,5.2
2047149,359.9,68.5,137,13.26
2047150,359.9,68.5,137,13.23
2047151,359.8,68.7,137.4,13.42
2047152,359.8,68.7,137.4,13.38
2047153,319.8,52.1,104.2,9.989
2047154,344.8,52.1,104.2,11.109
2047155,355.7,52.1,104.2,13.541
2047156,330,36.2,72.4,7.904
2047157,255.9,36.6,73.2,4.227
2047158,268.8,53.8,107.6,5.098
2047159,384.9,61.1,122.2,17.423
2047160,300,48.3,96.6,5.16
2047161,368,68.6,137.2,14.583
2047162,340,49.7,99.4,11.708
2047163,310,58.6,117.2,6.809
2047165,310,34.3,68.6,7.83
2047166,276,49.5,99,6.5
2047167,323,34.3,68.6,0
2047168,286,58.6,117.2,0
2047169,345,62.2,124.4,0
2047170,356,62.4,124.8,0
2047171,308,55.5,111,10.12
204718,255.8,46.2,92.4,4.45
204719,257,46.5,93,5
204720,278,118.5,237,8.64
204721,280.7,90,180,8.68
204723,245,59.2,118.4,3.52
204724,239,38.7,77.4,3.7
204727,258,95.4,190.8,8.05
204728,255.8,39.4,78.8,4.28
204730,277,57.5,115,5.9
204731,257.8,57.5,115,5.455
204732,259.8,64.2,128.4,5.4
204733,279.8,64.7,129.4,6.75
204734,244.8,65.2,130.4,3.69
204735,280,28.2,56.4,5.66
204736,226,71.3,142.6,4.35
204737,255.7,56.1,112.2,4.65
204738,256,56.3,112.6,6.8
204739,275.8,56.5,113,7.09
204740,279.7,56.3,112.6,6.15
204741,280,56.3,112.6,5.17
204742,288,46.2,92.4,6.45
204743,288,46.5,93,7.495
204744,244.4,63.9,127.8,3.63
204745,279.8,46.1,92.2,4.98
204746,281.8,64.7,129.4,7.3
204747,244.9,46,92,3.36
204748,244.9,39.8,79.6,3.26
204749,244.7,59.2,118.4,3.54
204750,256,41.7,83.4,4.55
204751,275.8,46.2,92.4,7.085
204752,279.5,46,92,5.7
204753,287.7,28.6,57.2,7.2
204754,239,33.5,67,2.87
204755,279.7,39.2,78.4,6.1
204756,239,34.2,68.4,3.78
204757,244.8,83.7,167.4,5.33
204758,255.8,36.7,73.4,5.113
204759,279.9,36.5,73,5.81
204760,286.8,34.4,68.8,7.05
204761,232,39.5,79,2.61
204762,279.9,46.4,92.8,6.23
204763,244.9,47.9,95.8,3.36
204764,244.7,53.7,107.4,3.46
204765,282.3,46.2,92.4,7.28
204766,281.7,55.3,110.6,6.945
204767,279.9,40.4,80.8,5.05
204768,280,55.5,111,6.81
204769,269,46.5,93,5.3
204770,254.5,53.8,107.6,3.6
204771,231.8,39.3,78.6,2.66
204772,300,56,112,8.46
204773,312,46,92,8.7
204774,312,34,68,8.03
204775,256,36.5,73,4.3
204776,239,34,68,3.03
204777,244.7,46.3,92.6,3.38
204778,245,40,80,3.16
204779,239,33,66,2.65
204780,313.8,59.4,118.8,10.26
204781,269,59,118,5.28
204782,255,39.7,79.4,3.84
204783,313,56.3,112.6,9.17
204784,254.7,47.6,95.2,3.6
204785,255.8,39.2,78.4,5.9
204786,345,49.5,99,12.14
204787,279.9,49.4,98.8,5.941
204788,287.8,49.7,99.4,7.32
204789,254.7,51.2,102.4,3.54
204790,309.9,48.5,97,0
204791,323,59.5,119,10.52
204792,275.8,56.1,112.2,7
204794,259.8,48.4,96.8,4.2
204795,308,55.2,110.4,10.34
204796,333,55.4,110.8,11.6
204797,293.7,44.2,88.4,6.91
204798,268.9,46.3,92.6,4.98
204799,313.8,59.4,118.8,8.78
204801,268.5,58,116,5.42
204802,272,69,138,5.15
204803,293,88,176,5.37
204806,263,65,130,5.04
204807,281,73.5,147,4.85
204808,232.5,48.5,97,0
204809,263.2,67.3,134.6,5.7
204810,263,64.4,128.8,5.99
204811,238.9,29.2,58.4,3.7
204812,262,91,182,7.15
204814,287,90,180,8.31
204823,259.7,39.9,79.8,4.1
204824,227.8,39.4,78.8,2.58
204826,286.5,56.2,112.4,6.54
204827,265,53.3,106.6,4.07
204828,262,55.9,111.8,5.37
204829,279.8,50.2,100.4,6.46
204830,295,72.3,144.6,5.02
204831,279.8,56.5,113,6.28
204832,279.8,50.7,101.4,6.41
204833,295,72.3,144.6,4.96
204835,255.8,40,80,4.69
204836,228,68.3,136.6,4
204837,301.8,50.2,100.4,7.11
204838,283,62,124,0
204839,281,46,92,6.23
204840,259.8,41,82,3.41
204841,286,50.3,100.6,6.78
204842,304.7,50,100,9.15
204843,288,64.7,129.4,5.38
204844,265,71,142,4.45
204845,276.7,71,142,4.58
204846,283.5,62,124,4.58
204847,280,40.8,81.6,4.44
204848,278.1,48.5,97,7.1
204849,300,48.5,97,8.22
204850,320,48.5,97,9.66
204851,315.7,50.2,100.4,8.49
204852,308,64.8,129.6,6.94
204853,335.8,51.2,102.4,11.11
204854,287.9,64,128,5.11
204856,336,52,104,11.44
204857,301.6,40.7,81.4,4.965
204858,302,40.8,81.6,6.69
204859,302,69.3,138.6,6.47
204860,328,52,104,12.26
204861,302,50.9,101.8,7.27
204862,319.8,50.2,100.4,8.902
204863,278,48.5,97,6.502
204864,300,48.5,97,7.37
204865,280,40.9,81.8,4.411
204866,329.9,50.3,100.6,9.845
204867,330,47.9,95.8,9.58
205001,235.7,35.3,70.6,3.62
205002,278.3,40.5,81,5.94
205003,299,67.5,135,5.7
205004,256,47,94,5.6
205005,258,64.6,129.2,4.5
205006,255.8,46.8,93.6,5.45
205007,258,64.5,129,4.54
205008,235.7,41,82,3.86
205009,256,47.2,94.4,5.48
205010,255.8,47.2,94.4,5.58
205011,257.8,57.5,115,4.3
205012,256,47,94,5.47
205013,276,45.5,91,6.92
205014,267.9,45.1,90.2,4.7
205015,299.9,45.5,91,8.46
205016,292.2,44.9,89.8,5.34
205017,276,58.2,116.4,5.26
205018,277.8,47.1,94.2,6.8
205019,256,45.5,91,5.62
205102,207.8,28,56,2.61
205104,234,47.2,94.4,3.33
205105,233.7,47.2,94.4,3.32
205106,233.8,47,94,3.8
205107,277,29.5,59,4.71
205108,276.9,32.4,64.8,4.8
205109,210.8,41,82,2.64
205110,234,36.9,73.8,3.935
205111,233.8,41,82,3.3
205112,273,37.8,75.6,5.35
205113,210.5,34.9,69.8,3.48
205114,244,41.9,83.8,4.09
205201,289.5,45.9,91.8,4.86
205202,215.1,33,66,2.6
205203,289.5,46.1,92.2,4.5
205204,250,46.7,93.4,4.2
205205,230.8,50,100,3.35
205206,234.8,49.5,99,3.92
205207,287,46.2,92.4,4.48
205208,245.8,49.8,99.6,4.7
205209,231,48.8,97.6,3.4
205210,310,29,58,5.8
205211,256.8,49.3,98.6,4.4
205212,286.4,28.9,57.8,4.1
205213,252.7,49.1,98.2,4.03
205214,251.7,40,80,4.58
205215,310,46,92,6.45
205216,294.5,49,98,6.73
205218,279.6,47,94,5.76
205219,279.8,47,94,5.51
205220,230.8,51.4,102.8,4.26
205221,308,57,114,6.02
205222,278,43.4,86.8,4.12
205223,278,43.3,86.6,3.83
205224,255.8,40.1,80.2,4.61
205225,259.2,43.2,86.4,3.55
205226,275.9,40,80,5.425
205228,272,40,80,5.272
205229,259,43.4,86.8,3.48
205230,289.7,45.9,91.8,4.357
205231,280,47,94,5.34
205232,259,43.2,86.4,3.537
205233,299.8,49.5,99,8.993
205234,277.7,46.1,92.2,4.806
205235,258.3,42.7,85.4,3.45
205236,271.9,40,80,5.2
205237,230.8,49.1,98.2,3.48
205601,289,71,142,5.7
205701,294,32.6,65.2,7.36
205702,294,55.3,110.6,7.8
205703,294,56.4,112.8,7.84
209301,282.5,38,76,6.019
209302,282.1,38,76,6.2
209303,304.7,63.6,127.2,7.93
209304,304.8,75.1,150.2,5.75
209305,280,39.1,78.2,6.18
209306,280,81.5,163,6.5
209307,285,59,118,5.15
209308,280,77,154,6.63
209309,257,37.9,75.8,4.3
209310,270,53.2,106.4,3.85
209311,290,56.1,112.2,5.4
209312,301.7,38.8,77.6,7.48
209313,280.9,38,76,7.06
209314,260,32.2,64.4,4.78
209315,282,32,64,6.34
209316,270.1,53.3,106.6,3.74
209317,328,53,106,10.4
209318,360,58,116,12.28
209319,345,54.6,109.2,10.23
209320,320,54.6,109.2,8.98
209321,350,68,136,10.63
209322,320,63.6,127.2,8.462
209323,319.7,63.6,127.2,6.41
209324,281.9,53.9,107.8,7.06
209325,297,54,108,7.74
209326,350,65.6,131.2,10.1
209327,285,57.8,115.6,5.544
209329,294,45.5,91,6.825
209330,262,60.3,120.6,4.087
209331,332,64,128,9.96
209332,316.2,68.4,136.8,7.12
209333,301.8,38.2,76.4,7.55
209334,304.9,33.1,66.2,5.56
209335,350,54.5,109,0
209801,258,95.5,191,7.6
209901,241,39.4,78.8,3.035
209902,237,55.5,111,3.58
209903,245.8,55.5,111,4.6
209906,273,43,86,5.44
209907,273,24.5,49,4.1
209908,255.6,64,128,5.87
209909,229,31.5,63,3.47
209910,247,34,68,3.16
209912,234,38,76,3.53
209913,255.5,61,122,4.85
209914,266,27,54,3.62
209915,265.8,27.5,55,4.7
209916,275.6,48,96,5.79
209917,238,29,58,2.34
209918,247.4,34.3,68.6,4.3
209919,289.6,61,122,7.44
209920,282.7,48,96,7.05
209921,257,40.5,81,4.87
209922,240,40,80,3.46
209923,284,43.5,87,6.14
209924,257.2,50.7,101.4,5.48
209925,284,43.5,87,6.19
209926,251.2,50.5,101,3.58
209927,257.5,51.7,103.4,4.9
209928,251.2,50.6,101.2,3.58
209929,257,35.9,71.8,5.03
209930,231,44.2,88.4,3.6
209931,240,43.2,86.4,3.98
209932,257.5,40.5,81,4.38
209933,239,35,70,3.36
209934,256,38.8,77.6,4.22
209935,225.7,71.5,143,4.42
209937,283.8,41,82,6.73
209938,260,69.4,138.8,4.1
209939,259.2,48.8,97.6,3.75
209940,282,34,68,5.95
209941,259.8,34,68,4.8
209942,280.7,43.6,87.2,6.94
209943,294.7,56,112,5
209944,279.4,65.5,131,7.38
209945,280,65.5,131,7.05
209946,300,65.5,131,7.92
209947,247,25.3,50.6,2.58
209948,289,64.1,128.2,6.12
209949,257,47,94,5.58
301518,302,76.1,152.2,6.4
301519,302,76.1,152.2,7.54
301520,300,61.1,122.2,5.1
301521,286,51.6,103.2,6.15
301522,299.7,68,136,5.25
301524,285.4,51.7,103.4,5.2
301525,280,60,120,4.5
301535,275.8,60,120,5.36
301536,295.8,76,152,7.5
301537,298,61,122,5
301538,272,78,156,4.45
301539,297.8,61.1,122.2,5.68
301540,299.8,51.6,103.2,7.05
301541,294,59.5,119,6.25
301543,324.7,52.7,105.4,8.8
301545,320,60.4,120.8,7.44
301546,272,83,166,4.7
302514,239.4,58.1,116.2,4.5
302526,239,43,86,3.2
302528,239.5,42.8,85.6,4.2
302533,260,47,94,5.4
302536,253,33,66,3.38
302549,258,43.4,86.8,5.2
303316,284,43.5,87,4.8
303317,284,43.5,87,5.64
303318,258,55.5,111,3.22
303326,278,55.5,111,3.79
303332,288,46.5,93,6.53
303335,275.8,60,120,5.8
303340,290,56,112,5.15
303341,299.8,46.5,93,8.3
303342,289.7,55.4,110.8,4.53
303375,299.5,58.4,116.8,8.38
303606,236,41.3,82.6,3.8
303608,236,41,82,4.4
303610,269.8,67,134,4.7
303611,257.9,58.4,116.8,5.7
303613,256,41,82,5.5
303616,261,80.1,160.2,5.97
303617,255.9,41,82,4.85
303618,259.8,69.2,138.4,3.76
303619,269.8,77.1,154.2,4.7
303623,269.7,69.2,138.4,4.33
303624,285.7,69.3,138.6,4.81
303625,287.8,42.3,84.6,7.42
303629,255.8,41.1,82.2,4.8
303630,279.8,42,84,6.1
303631,264,42,84,3.65
303633,240,42,84,3.05
303719,259.5,28.2,56.4,5.49
303720,282.5,28,56,6.73
303908,238,41,82,3.5
303909,237.8,41.4,82.8,4
303910,258.5,41,82,5
303916,237.9,74.6,149.2,3.68
303917,237.8,74.7,149.4,3.7
303918,237.6,74.6,149.2,3.88
303927,238,74.5,149,3.88
304016,276,44,88,5.4
304017,259,44,88,3.4
304564,260,49.3,98.6,5.53
304704,239,38.5,77,3.2
304724,239,38.7,77.4,3.91
304728,255.8,39.4,78.8,4.28
304735,280,28.2,56.4,5.66
304736,226,71.3,142.6,4.35
304743,288,46.5,93,7.36
304744,244.4,63.9,127.8,3.63
304753,287.7,28.6,57.2,7.25
304755,279.7,39.2,78.4,6.1
304757,244.8,83.7,167.4,5.33
304758,255.8,36.7,73.4,5.08
304759,279.9,36.5,73,5.81
304760,287.7,34.3,68.6,7.05
304761,231.7,40.6,81.2,2.7
304762,279.9,46.4,92.8,6.23
304763,244.9,47.9,95.8,3.36
304764,244.7,53.7,107.4,3.46
304766,281.7,55.3,110.6,7.08
304768,280,55.5,111,6.53
304771,231.8,39.3,78.6,2.66
304773,312,46,92,8.7
304774,312,34,68,8.1
304775,256,36.5,73,4.34
304778,244.9,39.7,79.4,3.16
304779,239,33,66,2.7
304782,255,39.9,79.8,3.88
304784,254.7,47.6,95.2,3.6
304795,308,55.2,110.4,10.28
304796,333,55.4,110.8,11.6
309915,265.8,27.5,55,4.7
309918,247.4,34.3,68.6,4.3
309933,239,35,70,3.5
309934,256,38.8,77.6,4.46
309935,225.7,71.5,143,4.42
309947,247,25.3,50.6,2.58
311017,280.7,44.7,89.4,5.98
311021,276,45.5,91,4.08
311022,305.3,39.7,79.4,7.67
311023,330,39.7,79.4,9.9
311024,278,43.2,86.4,4.71
311025,292,43.2,86.4,6.31
311028,251,40.7,81.4,3.41
311029,305,44.8,89.6,8.3
311031,330.2,39.8,79.6,9.9
311034,281,39.7,79.4,6.7
311035,263.9,40.5,81,3.5
311221,305,67.9,135.8,0
311225,354.7,48.2,96.4,12.465
311226,326,46.2,92.4,10.15
311404,280,40,80,6.895
311509,260,35.2,70.4,5.07
311510,257.8,60.1,120.2,4.04
3115100,284,73.3,146.6,6.39
3115101,299.8,73.2,146.4,7.455
3115102,289.8,66.2,132.4,4.861
3115104,327.8,73,146,10.346
3115105,329.9,71,142,7.442
3115106,323.8,67.2,134.4,7.76
3115113,294,45.2,90.4,6.55
3115114,299.9,76.1,152.2,6.572
3115115,330,45.2,90.4,9.13
3115116,294,45.2,90.4,6.385
3115117,300,50.6,101.2,5.46
3115118,307,45.2,90.4,7.78
3115119,280,50.5,101,4.06
311518,302,76.1,152.2,6.4
311519,302,76.1,152.2,7.54
311520,300,61.1,122.2,5.1
311521,286,51.6,103.2,6.15
311524,285.4,51.7,103.4,5.2
311525,280,60,120,4.46
311532,323.8,77.1,154.2,10.5
311534,315.9,77.1,154.2,8.65
311535,275.8,60,120,5.36
311536,295.8,76,152,7.5
311537,298,61,122,5
311538,272,78,156,4.38
311539,297.8,61.1,122.2,5.68
311540,299.8,51.6,103.2,7.05
311541,294,59.5,119,6.25
311543,324.7,52.7,105.4,8.8
311544,324,73.8,147.6,10.6
311545,320,60.4,120.8,7.44
311546,272,83,166,4.74
311547,331.6,61.9,123.8,11.04
311548,323.8,80,160,6.76
311551,295.9,55.1,110.2,7.3
311553,309.8,77.1,154.2,8.12
311554,283.9,73,146,6.29
311555,291.8,73,146,6.98
311556,295.8,65.1,130.2,4.86
311557,279.8,65,130,4.42
311558,299.9,66.1,132.2,6.29
311559,324,80.9,161.8,10.71
311560,347.9,80.9,161.8,11.57
311561,320,63.5,127,7.38
311562,328,61,122,7.39
311563,324,77.1,154.2,10.4
311564,324.8,62.1,124.2,9.24
311565,320,79.6,159.2,8.16
311566,300,73,146,8
311568,330,73.1,146.2,9.08
311569,336,67.1,134.2,8.27
311571,374,80.8,161.6,15.1
311578,324,64.9,129.8,7.99
311579,345,64.9,129.8,9.69
311580,348,73.2,146.4,11.12
311581,300,66,132,6.58
311582,312,73.5,147,8.87
311583,319.8,78,156,7.45
311584,356,62.1,124.2,13.06
311585,324,79.8,159.6,7.54
311586,280,75.2,150.4,4.69
311587,347.8,61.1,122.2,12.22
311588,331.9,62.2,124.4,11.27
311589,364.9,62.1,124.2,14.27
311590,344.8,78.2,156.4,9.43
311596,330,73.2,146.4,9.888
311597,300,66.2,132.4,6.617
311599,330,66.2,132.4,8.007
311919,283,27.2,54.4,5.95
311920,223.8,57.6,115.2,2.57
311923,257.5,40.5,81,4.82
311925,266,27.1,54.2,4.15
311926,247.3,34.2,68.4,3.8
311927,282.6,34,68,6.6
311928,287.7,34.2,68.4,7.9
311929,265.5,34,68,5.1
311930,276,62,124,5
311933,285,43.5,87,7.97
311934,272,28,56,4.28
311938,301.5,34.1,68.2,8.38
311939,248.8,67.2,134.4,4.39
311941,279.7,65.6,131.2,7.22
311942,279.7,71.5,143,7.68
311943,299.6,65.5,131,8.09
311944,279.7,80,160,7.13
311945,279.7,80,160,7.08
311946,299.7,80,160,7.79
311947,248.8,67.2,134.4,5.25
311948,301.7,35,70,7.16
311950,299.7,73.6,147.2,9.55
311951,267.7,73.2,146.4,6.7
311952,249,69.2,138.4,5.2
311953,339.9,34.3,68.6,10.456
311955,323,34.2,68.4,8.929
311956,283,48,96,6.428
311957,290,35,70,4.77
311958,280,71.5,143,8.51
311959,300,73.5,147,10.08
312227,294.8,29,58,6.73
312229,257.8,45,90,3.55
312231,256.5,49,98,5.5
312237,234,45.5,91,3.48
312244,232,45,90,3.46
312245,247,45.1,90.2,4.09
312246,233.7,39.6,79.2,2.32
312251,280,49.1,98.2,6.57
312252,277.4,45,90,4.2
312253,240,41,82,2.6
312255,315.7,80,160,0
312256,279.7,49.2,98.4,7.64
312257,277.6,45,90,4.22
312261,291.8,62,124,5.42
312262,299.8,38,76,8.78
312263,256.8,44.6,89.2,3.3
312264,259.8,43.9,87.8,5.47
312265,305.8,47,94,0
312266,285.8,69.7,139.4,0
312268,237.7,46.2,92.4,0
312269,251.7,45.1,90.2,4.85
312270,319.6,49.2,98.4,9.77
312271,307.8,62.1,124.2,5.89
312272,295.8,43.9,87.8,7.15
312273,291.6,62,124,4.69
312275,295.6,38,76,7.81
312276,319.5,37.9,75.8,9.28
312277,279.6,43.9,87.8,6.5
312278,259.7,43.9,87.8,5.165
312279,257,53.7,107.4,6.2
312280,278.2,44.6,89.2,3.82
312281,307.6,62.8,125.6,6.626
312283,279.8,44,88,6.385
312284,291.8,62,124,4.66
312285,282.6,43.9,87.8,6.98
312286,276,45.1,90.2,7.641
312289,280,61.7,123.4,6.536
312290,296,44,88,7.3
312291,289.5,47,94,5.6
312292,354.5,49.9,99.8,13.21
312293,349.8,62,124,8.755
312294,295.7,44,88,7.6
312296,320,44,88,9.8
312297,292,47,94,5.13
312327,284,39.5,79,6.36
312331,240,46.5,93,4.02
312336,257.2,40.3,80.6,5.11
312343,240.2,40.6,81.2,4.12
312344,281,43.6,87.2,6.82
312348,257.2,40.6,81.2,5.11
312350,284,43.2,86.4,6.05
312351,263.9,40.6,81.2,3.58
312359,295.8,69.5,139,7.5
312361,300.8,59,118,10.23
312362,305.8,132,264,13.4
312363,256.8,40.6,81.2,4.17
312365,257.3,40.5,81,4.36
312366,305,45.8,91.6,7.816
312367,284,43.3,86.6,6.117
312368,251,40.6,81.2,3.392
312369,264,40.5,81,3.645
3125100,316,50.9,101.8,10.1
3125101,302,50.8,101.6,5.15
3125102,316,51,102,5.72
3125103,278,39.9,79.8,6.72
3125104,301.8,61,122,11.26
312526,239,43,86,3.2
312528,239.5,42.8,85.6,3.9
312533,260,47,94,5.4
312534,302,71.4,142.8,0
312535,252.3,43.9,87.8,4.12
312536,253,33,66,3.38
312541,270.1,62.7,125.4,4.64
312542,278,47,94,6.28
312543,239.5,42.9,85.8,3.61
312545,287.8,55.4,110.8,7.29
312546,268,45.7,91.4,4.15
312549,258,43.4,86.8,5.2
312550,300,47,94,7.1
312551,279.8,34.1,68.2,5.05
312552,294,41,82,5.82
312553,277.9,35.2,70.4,0
312554,276,42.9,85.8,6.1
312558,264.8,40.8,81.6,4.1
312564,277.8,53.8,107.6,4.78
312567,300.1,44.5,89,0
312570,315.7,52,104,10.11
312571,301.7,50.8,101.6,5.07
312572,285,58.3,116.6,0
312573,300,52,104,8.53
312574,280,32.9,65.8,0
312575,280,54.4,108.8,7.57
312576,300,54.4,108.8,8.96
312577,280,16.3,32.6,5.41
312579,280,68.8,137.6,8.34
312580,257.9,43.9,87.8,5.66
312581,300,52,104,8.75
312582,278,48.6,97.2,6.479
312583,279.8,50.8,101.6,4.639
312584,270.9,40.8,81.6,4.231
312585,277.9,44.9,89.8,7.05
312586,284,43.9,87.8,5.979
312587,300,54.4,108.8,8.963
312588,278,43.9,87.8,6.657
312589,288,55.5,111,9.66
312590,288,68.8,137.6,8.728
312592,320,48.4,96.8,8.846
312593,308,55.4,110.8,11.31
312594,308,61,122,11
312595,308,25.6,51.2,6.55
312596,308,22,44,6.8
312597,308,68.8,137.6,9.76
312599,300,51.1,102.2,8.84
312614,261.5,44.7,89.4,5.01
312615,239.5,45,90,4.4
312620,281.7,47.2,94.4,6.1
312621,238.7,47.6,95.2,3.38
312622,281.3,47,94,5.9
312623,260,63.8,127.6,4.18
312624,300,47.1,94.2,0
312626,281.7,47.3,94.6,6.2
312627,281.7,58.3,116.6,4.86
312628,239.6,39.2,78.4,4.15
312633,259.7,48.7,97.4,3.7
312634,259.6,48.5,97,3.67
312636,281.8,47.2,94.4,6.38
312637,279.6,47.1,94.2,6.8
312638,259.7,49.2,98.4,3.67
312641,260,42,84,3.32
312642,304.6,57.2,114.4,4.94
312643,260,48.1,96.2,3.53
312644,281.8,59,118,4.12
312645,281.9,61,122,4.23
312646,299.7,47.2,94.4,8.22
312647,257.7,39.2,78.4,4.83
312649,296,47.2,94.4,8.06
312650,282,48.7,97.4,4.08
312651,319.8,47.2,94.4,10.24
312652,304.8,57.2,114.4,4.77
312653,292.9,47.1,94.2,7.99
312655,259.8,31.1,62.2,3.18
312656,261.7,44.6,89.2,5
312657,238.8,33.3,66.6,2.73
312661,280,47.1,94.2,6.653
312662,293,47.3,94.6,7.381
312663,276,31.7,63.4,3.529
312664,302,57.1,114.2,5.113
312666,281.8,47.1,94.2,7.29
312667,261.9,47.1,94.2,5.071
312668,259.4,48.3,96.6,0
312669,315,47.2,94.4,8.72
313010,255,45.3,90.6,4.63
313021,236,45.1,90.2,3.6
313022,314.8,84,168,8.54
313023,257.4,33.3,66.6,0
313028,275.7,45,90,0
313029,254,40,80,0
313030,275.5,45.1,90.2,0
313031,235.2,40.8,81.6,0
313032,276,45.2,90.4,0
313033,289.8,46.2,92.4,0
313034,276,45,90,0
313035,256,45.6,91.2,5.12
313036,249.9,38.4,76.8,3.11
313040,283.8,60,120,0
313041,299.8,72.3,144.6,6.43
313042,262,60.1,120.2,4
313043,294,45.6,91.2,6.58
313045,260,41.2,82.4,3.55
313046,290,45.7,91.4,7
313047,302,60.3,120.6,5.66
313048,285,38.6,77.2,0
313049,261.8,60.3,120.6,0
313052,275.9,45.5,91,6
313053,302,58.6,117.2,5.51
313054,289.8,46.2,92.4,7.15
313055,332,56.2,112.4,9.34
313056,330.9,74.4,148.8,7.75
313057,276,45.6,91.2,5.72
313058,262,60.2,120.4,4.13
313059,294,46.3,92.6,7.08
313081,330,58.3,116.6,8.5
313082,294,45.6,91.2,6.877
313083,302,60.1,120.2,5.336
313085,302,36.2,72.4,4.65
313086,280.8,46.6,93.2,6.657
313087,251,41.8,83.6,4.23
313223,234.5,45,90,3.59
313224,268,20,40,0
313227,257.8,48.5,97,5.2
313228,261,40,80,3.63
313231,250.5,34.5,69,0
313232,235,45.1,90.2,4.4
313234,234.6,46.2,92.4,4.4
313235,257.6,47,94,5.55
313241,273.6,47.4,94.8,6.51
313242,285.6,56.5,113,0
313243,275.7,58,116,0
313245,282.8,48.5,97,7.7
313246,279.7,40,80,4
313247,295.7,51,102,8.28
313248,261,40,80,3.65
313250,264.8,40.8,81.6,4.02
313251,277.9,48.5,97,7.06
313252,279.9,40.9,81.8,4.36
313253,299.9,48.5,97,8.12
313256,273.7,24,48,0
313257,250.8,34.5,69,0
313258,273.6,45,90,0
313261,301.8,40.8,81.6,4.88
313263,278.1,47,94,6.04
313265,313.5,40.9,81.8,5.28
313266,319.7,45.9,91.8,9.41
313267,257.9,44,88,5.71
313268,298.6,48.4,96.8,8.38
313269,279.7,40.4,80.8,4
313270,289.6,45.1,90.2,6
313272,320,48.4,96.8,9.58
313273,324.6,56.2,112.4,7.897
313274,319.8,48.5,97,9.891
313277,285.5,57.8,115.6,5.658
313278,297,51.5,103,8.205
313279,303,39.5,79,4.524
313280,278,39.5,79,4.039
313281,280,51.5,103,6.275
313282,295,51.5,103,7.335
313283,265,39,78,3.531
313306,261.8,45.5,91,4
313307,258,55.2,110.4,3.08
313308,283.9,43.5,87,5.81
313309,284,46.5,93,5.1
3133100,295.2,64.5,129,8.44
3133101,299.9,57.7,115.4,4.91
3133102,322,64.5,129,10.62
3133103,322,64.3,128.6,10.87
3133104,278,57.7,115.4,4.01
3133105,300,57.1,114.2,7.21
3133106,288,64.5,129,7.11
3133107,284.8,72,144,6.87
3133108,344,64.6,129.2,12.7
313311,279.8,78.6,157.2,7
3133111,280,52.2,104.4,6.586
3133112,292,51.1,102.2,7.389
3133113,276,44.2,88.4,3.792
3133114,330,46.7,93.4,9.881
3133116,295,51.2,102.4,8.118
3133117,330,46.5,93,9.9
3133118,350,64.5,129,12.9
3133119,335,64.5,129,10.96
3133120,320,55.5,111,8.2
3133121,315.2,83,166,11.2
3133122,280,45,90,7.79
3133123,320,51.1,102.2,9.343
3133124,320,51.1,102.2,9.295
3133125,295,51.1,102.2,8.124
3133126,295,42.7,85.4,4.55
3133127,375,54.6,109.2,16.359
3133128,279.8,38.2,76.4,4.07
3133129,330,58.4,116.8,10.51
3133130,300,53,106,5.49
3133136,300,51.9,103.8,7.74
3133138,295,42.7,85.4,6.19
313316,284,43.5,87,4.8
313317,284,43.5,87,5.64
313318,258,55.5,111,3.22
313326,278,55.5,111,3.83
313332,288,46.5,93,6.53
313333,280,65.2,130.4,4.3
313335,275.8,60,120,5.8
313340,290,56,112,5.06
313341,299.8,46.5,93,8.3
313342,289.7,55.4,110.8,4.53
313344,284.8,92.9,185.8,7.195
313345,259.6,40.5,81,3.75
313346,259.6,40.5,81,4.6
313347,302.8,51.1,102.2,7.675
313348,280,38,76,3.85
313351,330,76,152,10.45
313352,300,58.5,117,6.75
313353,312,76,152,8.55
313354,284.8,55.5,111,6
313355,258,53.5,107,2.98
313356,345,51,102,11.75
313357,331,55,110,8.1
313358,295.1,54.6,109.2,7.25
313359,295.2,54.5,109,8.25
313360,312,64.6,129.2,8.95
313361,330,64.4,128.8,10.78
313362,300,65.5,131,5.15
313363,300,65.6,131.2,7.1
313365,300,58.4,116.8,5
313366,360,64.5,129,15.49
313369,270,35.6,71.2,5
313370,275.9,35.4,70.8,5.06
313371,276,44.6,89.2,4.52
313372,276,44.7,89.4,5.6
313373,288,44.4,88.8,6.27
313374,258,57.2,114.4,3.22
313375,299.5,58.4,116.8,8.43
313376,296,57.6,115.2,4.68
313379,330,68.1,136.2,9.69
313382,330,47.6,95.2,11.49
313383,360,76,152,16.46
313384,314.9,58.5,117,7.36
313385,330.2,61.1,122.2,9.56
313386,303.9,47.4,94.8,9.51
313389,300.1,55.4,110.8,7.1
313390,345,46.6,93.2,11.66
313391,330.2,62.9,125.8,7.62
313392,330,54.7,109.4,11.79
313393,350.2,54.7,109.4,13.15
313394,330,62.8,125.6,8.15
313395,258,96.6,193.2,6.11
313396,271.2,96.6,193.2,6.92
313397,275.8,77,154,6.62
313405,254,40,80,0
313409,240.8,52,104,4.62
313410,257,46.7,93.4,5.8
313411,257,45.5,91,0
313412,262,61,122,4.18
313414,284,61.1,122.2,4.75
313417,280.1,42.8,85.6,0
313418,255.5,47.9,95.8,4.9
313419,240.9,48,96,4.53
313420,280,47.3,94.6,6.85
313422,300,47.2,94.4,8.47
313423,280,47.3,94.6,7.06
313424,262,61.2,122.4,4.18
313425,284,54.3,108.6,4.47
313426,258,45.4,90.8,4.12
313427,315,86.4,172.8,0
313428,233.9,50.8,101.6,3.67
313429,277,45.2,90.4,0
313430,262,63.8,127.6,4.396
313431,321,49.1,98.2,10.2
313432,301.9,71.5,143,6.47
313433,300,47.4,94.8,8.02
313435,274.1,44.3,88.6,6.42
313436,300,52.5,105,9.75
313437,324,82.6,165.2,7.51
313438,255.9,46.8,93.6,4.55
313439,303.3,42.8,85.6,0
313440,321.1,50.8,101.6,12.035
313442,284,24.9,49.8,3.773
313443,320,47.4,94.8,9.407
313444,300,24.7,49.4,4.265
313445,280,44.4,88.8,6.208
313446,261.9,45.1,90.2,3.723
313448,324,66.9,133.8,7.388
313449,275,47.4,94.8,6.44
313450,321,49.2,98.4,10.792
313451,320,56.6,113.2,9.795
313453,314,60.4,120.8,6.6
313454,314,60.1,120.2,7.014
313502,258,48.6,97.2,5.61
313503,260.8,39.9,79.8,0
313507,257.7,48.5,97,0
313508,260.5,40.2,80.4,0
313510,234.8,45.1,90.2,4.37
313512,275.1,47.3,94.6,6.36
313513,258,41.3,82.6,3.66
313514,273.8,48.6,97.2,7.32
313516,253.7,50.7,101.4,0
313517,241,48.7,97.4,3.96
313518,234,37.5,75,2.94
313519,301.8,54,108,8.39
313520,314.9,87.5,175,8.46
313521,270,61.1,122.2,4.2
313522,273.8,50.6,101.2,7.5
313523,256,46.6,93.2,5.11
313524,300,54.1,108.2,8.62
313525,323.8,69.5,139,7.16
313526,280,47.2,94.4,7.02
313527,262,61.1,122.2,3.89
313529,252,48.7,97.4,4.53
313530,314.9,78.5,157,0
313531,262,63.7,127.4,4.2
313532,274.8,61,122,4.59
313533,258,40.5,81,3.55
313534,302,71.4,142.8,5.85
313535,257.8,56,112,0
313536,280,43.9,87.8,6.07
313537,256,43.8,87.6,4.617
313538,280,44.3,88.6,6.281
313539,262,43.9,87.8,3.722
313540,283.4,70,140,4.98
313541,284,25.8,51.6,3.922
313542,284,45,90,4.038
313606,236,41.3,82.6,3.8
313608,236,41,82,3.81
313613,256,41,82,5.15
313617,255.9,41,82,4.85
313618,259.8,69.2,138.4,3.76
313621,286,69.2,138.4,5.28
313622,295.8,58.3,116.6,7.84
313623,269.7,69.2,138.4,4.33
313624,285.7,69.3,138.6,4.81
313625,287.8,42.3,84.6,7.42
313629,255.8,41.1,82.2,4.8
313630,279.8,42,84,6.1
313631,264,43,86,3.65
313632,255.6,41.1,82.2,3.785
313633,240,42,84,3.05
313634,277.9,52.1,104.2,6.82
313636,278,51.2,102.4,5.04
313637,260,41,82,5
313639,305.3,49.8,99.6,9.56
313640,240,41,82,4.02
313641,240,41.1,82.2,3.25
313642,247,44,88,3.96
313643,305,67,134,6.66
313644,305.3,77.9,155.8,10
313645,284.9,42.1,84.2,6.7
313646,278,41.5,83,4.42
313647,279.9,102.3,204.6,7.8
313648,301.8,45,90,8.43
313649,239.7,40.6,81.2,3.04
313650,291.9,41.5,83,5.08
313651,279.7,43.2,86.4,6.52
313652,280,42.2,84.4,6.6
313653,314,45.2,90.4,9.21
313654,307.8,42,84,8.22
313655,264,42.1,84.2,3.71
313657,285.9,69.6,139.2,5.77
313658,279.9,102.3,204.6,9.1
313660,278,43.2,86.4,6.3
313664,277.9,42,84,3.95
313665,303,71.7,143.4,7.24
313666,295.9,51.6,103.2,8.49
313667,296,51,102,6.68
313668,292,48,96,5.52
313669,321,50.9,101.8,9.9
313670,315,48,96,8
313671,337,51,102,10.97
313672,264,40.6,81.2,3.576
313673,320.9,43.5,87,9.3
313674,263.9,45.1,90.2,3.745
313675,321,45.6,91.2,9.784
313676,315,45,90,7.926
313677,300,45.5,91,8.575
313678,296,44,88,9.07
313719,259.5,28.2,56.4,5.49
313720,282.5,28,56,7
313721,290.2,60,120,5.18
313722,246.7,35.1,70.2,3.1
313728,329.8,48,96,11.18
313729,289.8,35,70,4.96
313730,309.8,43.5,87,9.51
313731,279.7,82,164,7.42
313732,279.7,82,164,7.29
313734,303.7,48,96,9.78
313735,279.7,48.1,96.2,7.94
313736,289.8,49,98,5.7
313737,301.8,34.2,68.4,7.64
313738,248.8,73.2,146.4,5.5
313740,289.5,50,100,5.16
313741,282.8,48,96,7.05
313742,303.8,48.1,96.2,8.6
313743,289.7,34.9,69.8,4.91
313744,289.7,44,88,5.175
313745,340,48,96,10.672
313746,266,48,96,5.29
313747,283,48,96,6.67
313748,248.7,34.9,69.8,3.205
313749,268,35,70,4.234
313750,302,34.1,68.2,7.538
313751,340,34.3,68.6,10.443
313752,330,48,96,9.62
313906,238,41,82,2.74
313908,238,41,82,3.48
313909,237.8,41.4,82.8,4
313910,258.5,41,82,5
3139100,300,43,86,8.785
3139101,299.9,43.9,87.8,8.083
3139102,269,44.1,88.2,5.471
313911,262,44,88,5.75
313912,262,44,88,5.77
313913,280,44,88,6.9
313914,265,44.3,88.6,4.07
313919,280,43.9,87.8,7.15
313932,300,47,94,9.1
313933,323.7,47,94,11.2
313937,240.1,80.6,161.2,4.3
313939,258.8,41,82,4.09
313941,280,45.1,90.2,5.07
313944,237.8,74.7,149.4,4.2
313945,237.6,74.6,149.2,4.78
313946,274.1,82.1,164.2,7.96
313947,300,43.7,87.4,8.14
313952,300,82.2,164.4,8.2
313962,300,84.6,169.2,8.2
313963,273.5,84,168,7.25
313964,240.1,80.6,161.2,5.1
313965,269.9,80.7,161.4,6.45
313967,274,80.2,160.4,7.2
313968,319.6,44,88,9.45
313969,319.8,43.9,87.8,9.33
313970,280,44,88,6.71
313971,295.9,43.9,87.8,7.871
313972,300,81.7,163.4,8.25
313973,260,86.1,172.2,6.4
313974,279.9,43.9,87.8,6.66
313975,274,90,180,7.3
313976,302,69.8,139.6,9.3
313977,304.9,71.5,143,6.44
313978,304.9,71.5,143,6.73
313979,301.9,50.9,101.8,7.7
313982,279.9,44,88,7.11
313986,300,103.9,207.8,9.35
313987,300,102.8,205.6,8.5
313988,300,103.4,206.8,9.5
313989,290,91.9,183.8,8.3
313990,270,82.4,164.8,6.45
313991,274,87.9,175.8,7.8
313992,257.8,43.9,87.8,5.452
313993,259.8,86.2,172.4,6.8
313996,258,44,88,4.697
313997,280,44,88,6.663
314016,276,44,88,5.4
314017,259,44,88,3.4
314022,297.2,91.4,182.8,8.75
314024,240.2,43,86,0
314026,317,62,124,9.97
314027,337.4,61.9,123.8,11.39
314028,325,58.7,117.4,7.72
314029,350,58.9,117.8,8.83
314031,302.2,66,132,6.38
314033,302.2,66,132,7.33
314034,280,44.7,89.4,5.41
314035,293.8,44.1,88.2,6.35
314036,259,44,88,3.35
314037,360,62.1,124.2,11.61
314038,293.9,44,88,6.5
314039,298.2,59.1,118.2,7
314041,365.2,75,150,10.56
314043,354,74.8,149.6,9.183
314044,360.2,81,162,12.117
314045,344,76,152,11.97
314046,316,45.2,90.4,7.517
314047,354,74.8,149.6,8.8
314048,280,45.1,90.2,5.8
314049,259,50.8,101.6,3.52
314050,276,44,88,5.41
314052,350,49,98,9.4
314053,325,52,104,10.7
314110,285.8,69.2,138.4,4.88
314111,300,69.1,138.2,6.44
314112,345,45.4,90.8,11.925
314305,235.8,45.6,91.2,3.62
314306,236,48.6,97.2,3.7
314403,260,56.9,113.8,5.6
314404,266,66.8,133.6,4.37
314406,277,56.8,113.6,6.17
314412,293.5,56.7,113.4,6.45
314413,221,50,100,0
314414,289.8,67.4,134.8,5.49
314415,290,65.8,131.6,4.86
314416,273.8,67.5,135,4.66
314418,285.8,61.7,123.4,4.98
314419,315.8,56.9,113.8,9.95
314420,326,52.7,105.4,10.182
314421,315.5,56.6,113.2,10.44
314422,273.8,61.8,123.6,4.638
314426,289.7,63.6,127.2,6.1
3145100,235,43.3,86.6,3.7
3145102,247,35.3,70.6,4.46
3145104,334,50.9,101.8,11.3
3145105,334,50.9,101.8,11.3
3145106,310,67.3,134.6,6.3
3145107,255,46.3,92.6,5.1
3145108,275,46.3,92.6,6.17
3145109,259,30.3,60.6,3.14
3145110,262.6,41.1,82.2,0
3145111,278,25,50,3.31
3145112,290,57,114,4.98
3145113,280.6,46.2,92.4,0
3145114,281,55,110,4.82
3145115,258,46.2,92.4,4.95
3145117,296,49.3,98.6,7.38
3145120,273,49.2,98.4,6.58
3145121,275,46.3,92.6,5.86
3145122,295,49.2,98.4,7.83
3145123,270,36.7,73.4,3.62
3145124,259,30.4,60.8,3.12
3145125,294.8,49,98,7.67
3145126,279.6,59,118,4.55
3145129,320,49.3,98.6,9.78
3145131,290,33.8,67.6,4.44
3145132,275,46.5,93,5.94
3145133,259,40.8,81.6,4.09
3145134,255,46.2,92.4,4.77
3145135,291,61.2,122.4,4.84
3145136,297,58.4,116.8,5.51
3145138,256.9,58.4,116.8,5.98
314514,259,30.4,60.8,0
3145140,297.2,67.4,134.8,6.65
3145142,255,49.3,98.6,5.3
3145143,259,30.4,60.8,3.13
3145145,318.8,67.2,134.4,7.9
3145146,357,60.3,120.6,13.2
3145147,357,60.3,120.6,13.4
3145148,335,65.7,131.4,8
3145149,335,65.7,131.4,8
3145150,337.9,68.4,136.8,9.9
3145151,360,60.7,121.4,12.07
3145152,344.9,61.7,123.4,9.76
3145153,284.7,48.4,96.8,7.336
3145155,287,48.3,96.6,0
3145156,268.6,55.6,111.2,3.532
3145157,255,49.2,98.4,4.61
3145159,281,66.8,133.6,4.82
3145162,345,76.4,152.8,7.7
3145170,277,49.2,98.4,6.732
3145171,340,83.3,166.6,10.71
3145172,278.9,30.3,60.6,3.95
3145173,275,46.3,92.6,6.38
3145174,238,48.4,96.8,4.487
3145175,280,48,96,0
3145176,328,49.4,98.8,9.059
3145177,312,67.9,135.8,6.26
3145178,280,46.2,92.4,5.8
314522,302,48,96,6.43
314539,254.7,49,98,4.95
314543,255,48,96,4.75
314544,255.2,49.2,98.4,5.16
314546,290.8,68.3,136.6,5.5
314547,254.8,49,98,5.58
314549,275,49.4,98.8,6.73
314553,231,47.2,94.4,0
314556,263,46.2,92.4,0
314558,269,64.3,128.6,4
314563,254,43,86,3.74
314564,260,49.3,98.6,5.53
314565,235,43,86,3.72
314566,228.7,43.3,86.6,3.23
314567,285.2,45.5,91,7.62
314570,287.6,64.8,129.6,5
314572,255,49.3,98.6,5.1
314574,303,62.2,124.4,5.34
314575,312,67.8,135.6,6.3
314576,290.8,68.7,137.4,5.7
314578,275,49.2,98.4,6.3
314579,254.8,49.3,98.6,5.05
314580,275,49.3,98.6,7.04
314581,268.9,55.7,111.4,3.7
314582,254.8,49.1,98.2,5.2
314583,275,49.1,98.2,6.02
314584,257.9,55.9,111.8,3.5
314585,279,55.8,111.6,4.04
314586,274.7,49.3,98.6,6.34
314587,265.9,36.3,72.6,3.43
314588,254.9,43,86,4.74
314589,280,55.8,111.6,4.6
314590,277,49.5,99,6.92
314591,294.9,49.2,98.4,7.73
314592,296,49.2,98.4,7.87
314593,271,60.8,121.6,4.31
314594,288,64.9,129.8,4.99
314595,276,49.2,98.4,6.99
314596,275,49.4,98.8,7.05
314598,337.6,67.3,134.6,9.16
314599,239.9,59.7,119.4,3.47
314704,239,38.5,77,2.93
3147100,320.8,59.4,118.8,10.23
3147101,238.7,37.9,75.8,3.64
3147102,329.7,68.5,137,11.07
3147103,349.7,68.5,137,12.07
3147104,329.7,68.5,137,11.07
3147105,349.7,68.5,137,12.07
3147106,329.7,73.7,147.4,8.52
3147107,320,46.1,92.2,9.82
3147108,347,59.5,119,11.25
3147109,301.7,49.2,98.4,5.3
3147110,329.9,49.1,98.2,7.75
3147111,287.7,35.8,71.6,4.9
3147112,344.9,46.3,92.6,11.88
3147113,299.8,35.9,71.8,6.08
3147114,314,75.5,151,7.59
3147115,312,49.7,99.4,8.6
3147120,244.8,83.7,167.4,5.43
3147122,298,71.4,142.8,7.28
3147123,299.6,68.4,136.8,9.25
3147124,303,93,186,10.04
3147125,359.8,59.4,118.8,13.58
3147126,310,42,84,6.77
3147127,319.8,52.1,104.2,9.8
3147128,344.7,51.8,103.6,10.74
3147129,299.9,36.2,72.4,5.16
3147130,329.9,36.2,72.4,7.76
3147131,255.8,47.8,95.6,4.72
3147132,313.8,52,104,8.37
3147133,281.8,48.3,96.6,4.6
3147134,311.9,46.2,92.4,8.57
3147135,319.8,46.4,92.8,9.51
3147136,309.9,48.5,97,6.8
3147137,271.8,48.3,96.6,3.85
3147138,358,73.5,147,9.72
3147139,302.9,56.9,113.8,8.38
3147140,320.9,52.2,104.4,10.02
3147141,340,49.7,99.4,10.73
3147145,339.8,55.4,110.8,12
3147146,314,49.6,99.2,9.33
3147147,330,42.5,85,7.75
3147148,302,42.4,84.8,5.2
3147149,359.9,68.5,137,13.26
3147150,359.9,68.5,137,13.23
3147151,359.8,68.7,137.4,13.42
3147152,359.8,68.7,137.4,13.38
3147153,319.8,52.1,104.2,9.989
3147154,344.8,52.1,104.2,11.109
3147155,355.7,52.1,104.2,13.541
3147156,330,36.2,72.4,7.904
3147157,255.9,36.6,73.2,4.227
3147159,384.9,61.1,122.2,17.423
3147160,300,48.3,96.6,5.186
3147161,368,68.6,137.2,14.583
3147162,340,49.7,99.4,11.708
3147163,310,58.6,117.2,6.809
3147165,310,34.3,68.6,7.83
3147166,276,49.5,99,6.5
3147167,323,34.3,68.6,8.91
3147168,286,58.5,117,5
3147169,345,62.2,124.4,11.34
3147170,356,62.4,124.8,13.44
3147171,308,55.5,111,10.12
314723,245,59.2,118.4,3.52
314724,239,38.7,77.4,3.7
314728,255.8,39.4,78.8,4.28
314732,259.8,64.2,128.4,5.4
314733,279.8,64.7,129.4,6.75
314735,280,28.2,56.4,5.66
314736,226,71.3,142.6,4.35
314741,280,56.3,112.6,5.17
314742,288,46.2,92.4,6.45
314743,288,46.5,93,7.495
314744,244.4,63.9,127.8,3.63
314745,279.8,46.1,92.2,4.98
314746,281.8,64.7,129.4,7.3
314751,275.8,46.2,92.4,0
314754,239,33.5,67,2.87
314756,239,34.2,68.4,3.78
314757,244.8,83.7,167.4,5.33
314758,255.8,36.7,73.4,5.113
314759,279.9,36.5,73,5.951
314760,286.8,34.4,68.8,7.05
314761,232,39.5,79,2.61
314762,279.9,46.4,92.8,6.23
314763,244.9,47.9,95.8,3.36
314765,282.3,46.2,92.4,7.28
314766,281.7,55.3,110.6,6.945
314767,279.9,40.4,80.8,5.05
314768,280,55.5,111,6.81
314769,269,46.5,93,5.3
314770,254.5,53.8,107.6,3.6
314771,231.8,39.3,78.6,2.66
314772,300,56,112,8.46
314773,312,46,92,8.7
314774,312,34,68,8.03
314775,256,36.5,73,4.3
314776,239,34,68,3.03
314778,245,40,80,3.16
314779,239,33,66,2.65
314781,269,59,118,5.28
314782,255,39.7,79.4,3.84
314783,313,56.3,112.6,9.17
314784,254.7,47.6,95.2,3.6
314786,345,49.5,99,12.14
314787,279.9,49.4,98.8,5.9
314788,287.8,49.7,99.4,7.32
314789,254.7,51.2,102.4,3.54
314791,323,59.5,119,10.52
314794,259.8,48.4,96.8,4.2
314795,308,55.2,110.4,10.34
314796,333,55.4,110.8,11.6
314797,293.7,44.2,88.4,6.91
314798,268.9,46.3,92.6,4.98
314799,313.8,59.4,118.8,8.78
314807,281,73.5,147,4.85
314826,286.5,56.2,112.4,6.54
314832,279.8,50.7,101.4,6.41
314833,295,72.3,144.6,4.96
314835,255.8,40,80,0
314839,281,46,92,6.23
314840,259.8,41,82,3.38
314841,286,50.3,100.6,6.78
314842,304.7,50,100,9.15
314843,288,64.7,129.4,5.38
314844,265,71,142,4.45
314845,276.7,71,142,4.58
314847,280,40.8,81.6,4.44
314848,278.1,48.5,97,7.1
314849,300,48.5,97,8.22
314850,320,48.5,97,9.66
314851,315.7,50.2,100.4,8.49
314852,308,64.8,129.6,6.94
314853,335.8,51.2,102.4,11.11
314854,287.9,64,128,5.11
314856,336,52,104,11.44
314857,301.6,40.7,81.4,4.98
314858,302,40.8,81.6,6.69
314859,302,69.3,138.6,6.47
314860,328,52,104,12.26
314861,302,50.9,101.8,7.27
314862,319.8,50.2,100.4,8.902
314863,278,48.5,97,6.502
314864,300,48.5,97,7.37
314865,280,40.9,81.8,4.411
315001,235.7,35.3,70.6,3.62
315002,278.3,40.5,81,0
315003,299,67.5,135,5.7
315005,258,64.6,129.2,0
315006,255.8,46.8,93.6,0
315007,258,64.5,129,4.54
315008,235.7,41,82,3.86
315010,255.8,47.2,94.4,5.58
315011,257.8,57.5,115,4.3
315012,256,47,94,0
315013,276,45.5,91,6.92
315014,267.9,45.1,90.2,4.7
315015,299.9,45.5,91,8.46
315016,292.2,44.9,89.8,5.34
315017,276,58.2,116.4,5.26
315018,277.8,47.1,94.2,6.8
315019,256,45.5,91,5.62
315110,234,36.9,73.8,0
315112,273,37.8,75.6,0
315114,244,41.9,83.8,4.09
315205,230.8,50,100,3.35
315208,245.8,49.8,99.6,4.7
315209,231,48.8,97.6,3.4
315210,310,29,58,5.8
315211,256.8,49.3,98.6,4.4
315212,286.4,28.9,57.8,0
315213,252.7,49.1,98.2,4.03
315214,251.7,40,80,4.58
315215,310,46,92,0
315216,294.5,49,98,6.73
315218,279.6,47,94,5.76
315219,279.8,47,94,5.51
315220,230.8,51.4,102.8,4.26
315221,308,57,114,6.02
315222,278,43.4,86.8,3.87
315223,278,43.3,86.6,3.83
315224,255.8,40.1,80.2,4.61
315225,259.2,43.2,86.4,3.55
315226,275.9,40,80,5.425
315228,272,40,80,5.272
315229,259,43.4,86.8,3.479
315231,280,47,94,5.341
315232,259,43.2,86.4,3.537
315233,299.8,49.5,99,8.993
315234,277.7,46.1,92.2,4.806
315235,258.3,42.7,85.4,3.45
315236,271.9,40,80,5.2
315237,230.8,49.1,98.2,3.48
315701,294,32.6,65.2,7.36
315702,294,55.3,110.6,7.8
315703,294,56.4,112.8,7.84
319301,282.5,38,76,6.019
319303,304.7,63.6,127.2,7.93
319304,304.8,75.1,150.2,5.75
319305,280,39.1,78.2,6.18
319306,280,81.5,163,6.5
319307,285,59,118,5.15
319309,257,37.9,75.8,0
319310,270,53.2,106.4,3.85
319311,290,56.1,112.2,5.4
319312,301.7,38.8,77.6,7.48
319313,280.9,38,76,7.06
319314,260,32.2,64.4,0
319315,282,32,64,6.34
319316,270.1,53.3,106.6,0
319317,328,53,106,10.4
319319,345,54.6,109.2,10.23
319320,320,54.6,109.2,8.98
319322,320,63.6,127.2,8.27
319324,281.9,53.9,107.8,7.06
319325,297,54,108,7.74
319326,350,65.6,131.2,10.1
319327,285,57.8,115.6,5.544
319329,294,45.5,91,6.825
319330,262,60.3,120.6,4.087
319331,332,64,128,9.96
319332,316.2,68.4,136.8,7.12
319333,301.8,38.2,76.4,7.55
319334,304.9,33.1,66.2,5.56
319335,350,54.5,109,12.68
319910,247,34,68,3.16
319915,265.8,27.5,55,4.7
319917,238,29,58,2.34
319918,247.4,34.3,68.6,4.3
319921,257,40.5,81,4.87
319922,240,40,80,3.211
319923,284,43.5,87,6.14
319925,284,43.5,87,6.19
319926,251.2,50.5,101,3.58
319928,251.2,50.6,101.2,3.58
319932,257.5,40.5,81,4.38
319933,239,35,70,3.36
319934,256,38.8,77.6,4.22
319935,225.7,71.5,143,4.42
319941,259.8,34,68,4.8
319942,280.7,43.6,87.2,6.94
319944,279.4,65.5,131,7.38
319945,280,65.5,131,7.05
319946,300,65.5,131,7.92
319947,247,25.3,50.6,2.58
321019,283.8,39.3,78.6,6.06
321028,251,40.7,81.4,3.41
321029,305,44.8,89.6,8.3
321034,281,39.7,79.4,6.7
321035,263.9,40.5,81,3.5
321519,302,76.1,152.2,7.54
321521,286,51.6,103.2,6.15
321524,285.4,51.7,103.4,5.2
321525,280,60,120,4.46
321535,275.8,60,120,5.36
321536,295.8,76,152,7.5
321538,272,78,156,4.38
321539,297.8,61.1,122.2,5.68
321540,299.8,51.6,103.2,7.05
321541,294,59.5,119,6.25
321545,320,60.4,120.8,7.44
321547,331.6,61.9,123.8,11.04
321548,323.8,80,160,6.76
321554,283.9,73,146,6.29
321556,295.8,65.1,130.2,4.86
321557,279.8,65,130,4.42
321558,299.9,66.1,132.2,6.29
321562,328,61,122,7.39
321565,320,79.6,159.2,8.16
321566,300,73,146,8
321568,330,73.1,146.2,9.08
321571,374,80.8,161.6,15.1
321580,348,73.2,146.4,11.12
321582,312,73.5,147,8.87
321583,319.8,78,156,7.45
321923,257.5,40.5,81,4.82
321925,266,27.1,54.2,4.15
321926,247.3,34.2,68.4,3.8
321927,282.6,34,68,6.6
321929,265.5,34,68,5.1
321941,279.7,65.6,131.2,7.22
321943,299.6,65.5,131,8.09
321944,279.7,80,160,7.13
322229,257.8,45,90,3.55
322231,256.5,49,98,5.5
322237,234,45.5,91,3.48
322244,232,45,90,3.46
322245,247,45.1,90.2,4.09
322251,280,49.1,98.2,6.57
322256,279.7,49.2,98.4,7.64
322257,277.6,45,90,4.22
322264,259.8,43.9,87.8,5.47
322275,295.6,38,76,7.81
322277,279.6,43.9,87.8,6.5
322327,284,39.5,79,6.36
322336,257.2,40.3,80.6,5.11
322343,240.2,40.6,81.2,4.12
322344,281,43.6,87.2,6.82
322348,257.2,40.6,81.2,5.11
322350,284,43.2,86.4,6.05
322351,263.9,40.6,81.2,3.58
322361,300.8,59,118,10.23
322362,305.8,132,264,13.4
322528,239.5,42.8,85.6,3.9
322533,260,47,94,5.4
322536,253,33,66,3.38
322543,239.5,42.9,85.8,3.61
322544,294,43,86,7.11
322545,287.8,55.4,110.8,7.29
322546,268,45.7,91.4,4.15
322549,258,43.4,86.8,5.2
322550,300,47,94,7.1
322551,279.8,34.1,68.2,5.05
322552,294,41,82,5.82
322554,276,42.9,85.8,6.1
322558,264.8,40.8,81.6,4.1
322564,277.8,53.8,107.6,4.78
322575,280,54.4,108.8,7.57
322576,300,54.4,108.8,8.96
322577,280,16.3,32.6,5.41
322580,257.9,43.9,87.8,5.66
322581,300,52,104,8.75
322614,261.5,44.7,89.4,5.01
322653,292.9,47.1,94.2,7.99
323021,236,45.1,90.2,3.6
323035,256,45.6,91.2,5.12
323036,249.9,38.4,76.8,3.11
323043,294,45.6,91.2,6.58
323057,276,45.6,91.2,5.72
323251,277.9,48.5,97,7.06
323263,278.1,47,94,6.04
323268,298.6,48.4,96.8,8.38
3233100,295.2,64.5,129,8.44
3233101,299.9,57.7,115.4,4.91
3233104,278,57.7,115.4,4.01
3233106,288,64.5,129,7.11
3233108,344,64.6,129.2,12.7
323316,284,43.5,87,4.8
323317,284,43.5,87,5.64
323318,258,55.5,111,3.22
323326,278,55.5,111,3.83
323332,288,46.5,93,6.53
323333,280,65.2,130.4,4.3
323340,290,56,112,5.06
323342,289.7,55.4,110.8,4.53
323344,284.8,92.9,185.8,7.195
323345,259.6,40.5,81,3.75
323346,259.6,40.5,81,4.6
323348,280,38,76,3.7
323351,330,76,152,10.45
323354,284.8,55.5,111,6
323355,258,53.5,107,2.98
323358,295.1,54.6,109.2,7.25
323359,295.2,54.5,109,8.25
323360,312,64.6,129.2,8.95
323367,275.9,60,120,6.7
323369,270,35.6,71.2,5
323370,275.9,35.4,70.8,5.06
323371,276,44.6,89.2,4.52
323372,276,44.7,89.4,5.6
323373,288,44.4,88.8,6.27
323374,258,57.2,114.4,3.22
323375,299.5,58.4,116.8,8.43
323376,296,57.6,115.2,4.68
323389,300.1,55.4,110.8,7.1
323390,345,46.6,93.2,11.66
323391,330.2,62.9,125.8,7.62
323393,350.2,54.7,109.4,13.15
323394,330,62.8,125.6,8.15
323395,258,96.6,193.2,6.11
323396,271.2,96.6,193.2,6.92
323397,275.8,77,154,6.62
323409,240.8,52,104,4.62
323413,275.8,47.2,94.4,6.85
323414,284,61.1,122.2,4.75
323421,280,47.4,94.8,7.08
323533,258,40.5,81,3.55
323534,302,71.4,142.8,5.85
323606,236,41.3,82.6,3.8
323608,236,41,82,3.81
323613,256,41,82,5.15
323620,285.8,58.3,116.6,7
323621,286,69.2,138.4,5.28
323623,269.7,69.2,138.4,4.33
323624,285.7,69.3,138.6,4.81
323625,287.8,42.3,84.6,7.42
323629,255.8,41.1,82.2,4.8
323630,279.8,42,84,6.1
323631,264,43,86,3.65
323633,240,42,84,3.05
323637,260,41,82,5
323639,305.3,49.8,99.6,9.56
323640,240,41,82,4.02
323641,240,41.1,82.2,3.25
323642,247,44,88,3.96
323643,305,67,134,6.66
323644,305.3,77.9,155.8,10
323645,284.9,42.1,84.2,6.7
323646,278,41.5,83,4.42
323647,279.9,102.3,204.6,7.8
323649,239.7,40.6,81.2,3.04
323650,291.9,41.5,83,5.08
323651,279.7,43.2,86.4,6.52
323652,280,42.2,84.4,6.58
323654,307.8,42,84,8.22
323655,264,42.1,84.2,3.71
323668,292,48,96,5.52
323669,321,50.9,101.8,9.9
323670,315,48,96,8
323671,337,51,102,10.97
323719,259.5,28.2,56.4,5.49
323720,282.5,28,56,7
323722,246.7,35.1,70.2,3.1
323723,282,48,96,7.11
323727,282.8,47.9,95.8,7.12
323728,329.8,48,96,11.18
323734,303.7,48,96,9.78
323736,289.8,49,98,5.7
323741,282.8,48,96,7.05
323742,303.8,48.1,96.2,8.6
323743,289.7,34.9,69.8,4.91
323905,252.5,53.4,106.8,5.53
323906,238,41,82,2.74
323908,238,41,82,3.48
323909,237.8,41.4,82.8,4
323910,258.5,41,82,4.75
323911,262,44,88,5.75
323913,280,44,88,6.9
323919,280,43.9,87.8,7.15
323933,323.7,47,94,11.2
323939,258.8,41,82,4.09
323947,300,43.7,87.4,8.14
323966,312.1,63,126,7.99
323969,319.8,43.9,87.8,9.33
323970,280,44,88,6.71
323971,295.9,43.9,87.8,7.87
324016,276,44,88,5.4
324017,259,44,88,3.4
324020,276.8,51.3,102.6,5.8
324034,280,44.7,89.4,5.41
324038,293.9,44,88,6.5
324039,298.2,59.1,118.2,7
324040,293.9,44.2,88.4,6.34
324041,365.2,75,150,10.56
3245102,247,35.3,70.6,4.46
3245125,294.8,49,98,7.67
3245142,255,49.3,98.6,5.3
3245143,259,30.4,60.8,3.13
3245145,318.8,67.2,134.4,7.9
3245146,357,60.3,120.6,13.2
3245147,357,60.3,120.6,13.4
3245148,335,65.7,131.4,8
3245149,335,65.7,131.4,8
3245150,337.9,68.4,136.8,9.9
3245151,360,60.7,121.4,12.07
3245152,344.9,61.7,123.4,9.76
324543,255,48,96,4.75
324549,275,49.4,98.8,6.73
324564,260,49.3,98.6,5.53
324565,235,43,86,3.72
324582,254.8,49.1,98.2,5.2
324583,275,49.1,98.2,6.02
324584,257.9,55.9,111.8,3.5
324587,265.9,36.3,72.6,3.43
324588,254.9,43,86,4.74
324589,280,55.8,111.6,4.449
324590,277,49.5,99,6.92
324591,294.9,49.2,98.4,7.73
324593,271,60.8,121.6,4.31
324598,337.6,67.3,134.6,9.16
324704,239,38.5,77,2.93
3247101,238.7,37.9,75.8,3.64
3247106,329.7,73.7,147.4,8.52
3247109,301.7,49.2,98.4,5.3
3247111,287.7,35.8,71.6,4.9
3247112,344.9,46.3,92.6,11.88
3247113,299.8,35.9,71.8,6.08
3247114,314,75.5,151,7.59
3247115,312,49.7,99.4,8.6
3247121,225.7,71.5,143,4.52
3247123,299.6,68.4,136.8,9.25
3247125,359.8,59.4,118.8,13.58
3247126,310,42,84,6.77
3247127,319.8,52.1,104.2,9.8
3247128,344.7,51.8,103.6,10.74
3247129,299.9,36.2,72.4,5.16
3247130,329.9,36.2,72.4,7.76
3247131,255.8,47.8,95.6,4.72
3247132,313.8,52,104,8.37
3247133,281.8,48.3,96.6,4.6
3247137,271.8,48.3,96.6,3.85
3247139,302.9,56.9,113.8,8.38
3247141,340,49.7,99.4,10.73
3247145,339.8,55.4,110.8,12
3247148,302,42.4,84.8,5.2
324724,239,38.7,77.4,3.7
324742,288,46.2,92.4,6.45
324743,288,46.5,93,7.5
324744,244.4,63.9,127.8,3.63
324745,279.8,46.1,92.2,4.98
324754,239,33.5,67,2.87
324756,239,34.2,68.4,3.78
324757,244.8,83.7,167.4,5.33
324758,255.8,36.7,73.4,5.08
324759,279.9,36.5,73,5.81
324760,286.8,34.4,68.8,7.05
324761,232,39.5,79,2.61
324762,279.9,46.4,92.8,6.23
324763,244.9,47.9,95.8,3.36
324765,282.3,46.2,92.4,7.28
324766,281.7,55.3,110.6,6.945
324767,279.9,40.4,80.8,5.05
324768,280,55.5,111,6.81
324770,254.5,53.8,107.6,3.6
324772,300,56,112,8.46
324773,312,46,92,8.7
324774,312,34,68,8.03
324775,256,36.5,73,4.3
324776,239,34,68,3.03
324778,245,40,80,3.16
324779,239,33,66,2.65
324783,313,56.3,112.6,9.17
324784,254.7,47.6,95.2,3.6
324786,345,49.5,99,12.14
324787,279.9,49.4,98.8,5.9
324788,287.8,49.7,99.4,7.32
324789,254.7,51.2,102.4,3.54
324794,259.8,48.4,96.8,4.2
324795,308,55.2,110.4,10.34
324796,333,55.4,110.8,11.6
324797,293.7,44.2,88.4,6.91
324832,279.8,50.7,101.4,6.41
324833,295,72.3,144.6,4.96
324839,281,46,92,6.23
324840,259.8,41,82,3.38
324842,304.7,50,100,9.15
324843,288,64.7,129.4,5.38
324847,280,40.8,81.6,4.44
324848,278.1,48.5,97,7.1
324849,300,48.5,97,8.22
324851,315.7,50.2,100.4,8.49
324852,308,64.8,129.6,6.94
324860,328,52,104,12.26
324861,302,50.9,101.8,7.27
325013,276,45.5,91,6.92
325014,267.9,45.1,90.2,4.7
325015,299.9,45.5,91,8.46
325016,292.2,44.9,89.8,5.34
325017,276,58.2,116.4,5.26
325018,277.8,47.1,94.2,6.8
325213,252.7,49.1,98.2,4.03
325214,251.7,40,80,4.58
325224,255.8,40.1,80.2,4.61
325225,259.2,43.2,86.4,3.55
325702,294,55.3,110.6,7.8
329307,285,59,118,5.15
329309,257,37.9,75.8,4.3
329317,328,53,106,10.4
329324,281.9,53.9,107.8,7.06
329325,297,54,108,7.74
329910,247,34,68,3.16
329915,265.8,27.5,55,4.7
329918,247.4,34.3,68.6,4.3
329920,282.7,48,96,7.05
329921,257,40.5,81,4.87
329922,240,40,80,3.46
329923,284,43.5,87,6.14
329925,284,43.5,87,6.19
329928,251.2,50.6,101.2,3.58
329933,239,35,70,3.36
329934,256,38.8,77.6,4.22
329935,225.7,71.5,143,4.42
329942,280.7,43.6,87.2,6.94
329944,279.4,65.5,131,7.38
329945,280,65.5,131,7.05
329946,300,65.5,131,7.92
329947,247,25.3,50.6,2.58
331007,250.5,20.5,41,3.24
331581,300,66,132,6.58
331917,223.6,62.9,125.8,2.6
331922,250.8,62.4,124.8,4.02
331923,257.5,40.5,81,4.82
331929,265.5,34,68,5.1
331934,272,28,56,4.28
332541,270.1,62.7,125.4,4.64
333245,282.8,48.5,97,7.7
333246,279.7,40,80,4
3333101,299.9,57.7,115.4,0
333340,290,56,112,5.06
333342,289.7,55.4,110.8,4.53
333349,278,66.6,133.2,6.5
333351,330,76,152,10.45
333354,284.8,55.5,111,6
333358,295.1,54.6,109.2,7.25
333360,312,64.6,129.2,8.95
333362,300,65.5,131,5.15
333363,300,65.6,131.2,7.1
333639,305.3,49.8,99.6,9.56
333645,284.9,42.1,84.2,6.7
333648,301.8,45,90,8.43
333712,247.4,44.3,88.6,4.5
333726,304.9,28,56,7.85
333729,289.8,35,70,4.96
333932,300,47,94,9.1
333933,323.7,47,94,11.2
333947,300,43.7,87.4,8.14
334019,304,62.6,125.2,6.84
3345100,235,43.3,86.6,3.7
3345107,255,46.3,92.6,5.1
3345108,275,46.3,92.6,6.17
3345112,290,57,114,4.98
3345115,258,46.2,92.4,4.95
3345116,295,49.3,98.6,7.74
3345125,294.8,49,98,7.67
334588,254.9,43,86,4.7
334589,280,55.8,111.6,4.49
334591,294.9,49.2,98.4,7.73
3347109,301.7,49.2,98.4,5.3
3347115,312,49.7,99.4,8.6
334756,239,34.2,68.4,3.78
334758,255.8,36.7,73.4,5.08
334786,345,49.5,99,12.14
334787,279.9,49.4,98.8,5.9
334788,287.8,49.7,99.4,7.32
334789,254.7,51.2,102.4,3.54
334794,259.8,48.4,96.8,4.2
334795,308,55.2,110.4,10.34
334847,280,40.8,81.6,4.4
334852,308,64.8,129.6,6.94
334853,335.8,51.2,102.4,11.11
339906,273,43,86,5.44
339921,257,40.5,81,4.87
339922,240,40,80,3.34
339923,284,43.5,87,6.14
339925,284,43.5,87,6.19
339932,257.5,40.5,81,4.38
339933,239,35,70,3.36
341521,286,51.6,103.2,6.15
341532,323.8,77.1,154.2,10.5
341536,295.8,76,152,7.5
341540,299.8,51.6,103.2,7.05
341543,324.7,52.7,105.4,8.8
341544,324,73.8,147.6,10.6
341547,331.6,61.9,123.8,11.04
341553,309.8,77.1,154.2,8.12
341555,291.8,73,146,6.98
341559,324,80.8,161.6,10.71
341560,347.9,80.9,161.8,11.57
341563,324,77.1,154.2,10.4
341564,324.8,62.1,124.2,9.24
341566,300,73,146,8
341568,330,73.1,146.2,9.08
341938,301.5,34.1,68.2,8.38
342536,287.8,42.3,84.6,0
342570,315.7,52,104,10.11
342573,300,52,104,8.53
343332,288,46.5,93,6.53
343341,299.8,46.5,93,8.3
343347,302.8,51.1,102.2,7.675
343354,284.8,55.5,111,6
343356,345,51,102,11.75
343357,331,55,110,8.1
343358,295.1,54.6,109.2,7.25
343359,295.2,54.5,109,8.25
343360,312,64.6,129.2,8.95
343361,330,64.4,128.8,10.78
343362,300,65.5,131,5.15
343363,300,65.6,131.2,7.1
343366,360,64.5,129,15.49
343386,303.9,47.4,94.8,9.51
343390,345,46.6,93.2,11.66
343392,330,54.7,109.4,11.79
343393,350.2,54.7,109.4,13.15
343625,287.8,42.3,84.6,7.42
343645,284.9,42.1,84.2,6.7
343648,301.8,45,90,8.43
343653,314,45.2,90.4,9.21
343727,301.8,34.2,68.4,7.12
3447100,320.8,59.4,118.8,10.23
3447102,329.7,68.5,137,11.07
3447103,349.7,68.5,137,12.07
3447104,329.7,68.5,137,11.07
3447105,349.7,68.5,137,12.07
3447106,329.7,73.7,147.4,8.52
3447107,320,46.1,92.2,9.82
3447108,347,59.5,119,11.25
3447115,312,49.7,99.4,8.6
3447125,359.8,59.4,118.8,13.6
344743,288,46.5,93,7.495
344762,279.9,46.4,92.8,6.23
344765,282.3,46.2,92.4,7.28
344773,312,46,92,8.7
344786,345,49.5,99,12.14
344787,279.9,49.4,98.8,5.9
344788,287.8,49.7,99.4,7.32
344789,254.7,51.2,102.4,3.54
344791,323,59.5,119,10.52
344795,308,55.2,110.4,10.34
344799,313.8,59.4,118.8,8.78
344832,279.8,50.7,101.4,6.41
344841,286,50.3,100.6,6.78
344842,304.7,50,100,9.15
344848,278.1,48.5,97,7.1
344849,300,48.5,97,8.22
344850,320,48.5,97,9.66
344851,315.7,50.2,100.4,8.49
344853,335.8,51.2,102.4,11.11
351536,295.8,76,152,7.5
351540,299.8,51.6,103.2,7.05
351544,324,73.8,147.6,10.6
353316,284,43.5,87,4.8
353317,284,43.5,87,5.64
353318,258,55.5,111,3.22
353326,278,55.5,111,3.83
353332,288,46.5,93,6.53
353340,290,56,112,5.06
353341,299.8,46.5,93,8.3
353342,289.7,55.4,110.8,4.53
354743,288,46.5,93,7.495
354762,279.9,46.4,92.8,6.23
373319,300,45.5,91,8
373910,258.5,41,82,5
373913,280,44,88,6.9
373919,280,43.9,87.8,7.15
373930,279.7,47,94,7.18
251001,267.8,61.5,123,5.5
251002,245,80,160,6.3
251201,209.5,61.5,123,2.53
251203,215,60,120,2.42
251211,290,108.4,216.8,7.66
251212,301,87.1,174.2,6.284
251213,302.8,75.5,151,8.32
251402,339.5,80.5,161,8.43
251403,302,70.3,140.6,8.007
251404,334.6,80.7,161.4,8.56
251405,337,80.4,160.8,9.62
251503,269.8,58.5,117,4.02
251504,285,62.5,125,4.82
251505,269.9,58.7,117.4,4.51
251901,201,58,116,3.56
251904,212,80,160,4.96
251905,247,71.5,143,6.4
251906,247,81,162,6.4
251907,244.5,71.5,143,5.7
251908,201,58,116,0
251909,212,80,160,0
251910,247,71.5,143,0
251911,233,53.7,107.4,3.5
251912,298,107,214,9.9
251913,269,61,122,5.5
251914,249.5,61,122,4.3
251915,244.5,71.5,143,6.067
251916,247,71.5,143,6.767
252204,220,90,180,4.6
252205,290,69,138,5.7
252206,300,73,146,6
252209,216,52,104,2.3
252210,216,53.1,106.2,3.6
252211,247,60,120,3.8
252212,265.5,62.5,125,4.3
252213,220,90,180,3.8
252214,220,57.5,115,3.5
252215,265.5,62.5,125,4.1
252216,265.5,62.5,125,4.1
252217,280,60.5,121,6.2
252218,294,75,150,6.2
252219,300,80,160,8.2
252220,234,76,152,5.5
252221,236.2,66.7,133.4,4.1
252223,278,72.5,145,4.5
252224,243.7,75.1,150.2,6.07
252225,236,66.6,133.2,4.16
252302,219,53.1,106.2,3.43
252305,219,53.3,106.6,3.22
252307,305,65,130,8.2
252308,214,54,108,3.1
252309,214,53.8,107.6,2.65
252310,268,61,122,5.5
252313,256,67.5,135,5
252314,249.5,61,122,4.5
252315,219,53.1,106.2,3.2
252316,275,90,180,8.04
252317,309,89.8,179.6,7.5
252318,275,90,180,0
252319,275,90,180,0
252320,249,61,122,4.3
252321,268.5,61,122,5.7
252507,216,72,144,3.65
252510,216,76.5,153,3.95
252516,247,65.5,131,3.73
252517,272.5,69.5,139,4.59
252518,271,81,162,5.21
252520,273,81.5,163,5.19
252522,300,80.5,161,6.37
252526,215.9,92.6,185.2,4.22
252527,239,89.6,179.2,5.45
252528,268.5,66.5,133,5.7
252529,238.5,91,182,5.5
252530,216,88,176,4.26
252531,239,92,184,5.5
252532,243,63.5,127,4.19
252533,240,65.5,131,3.6
252534,242.9,92.6,185.2,6.1
252535,243,92.5,185,6.7
252536,279,89.5,179,7.9
252537,216,72,144,0
252538,216,76.5,153,0
252539,215.9,86,172,0
252540,216,76,152,0
252541,239,80,160,0
252542,242.9,81.1,162.2,0
252543,271,66,132,6.3
252544,239,92.2,184.4,6.05
252545,320,80.5,161,8.9
25254535,345,107.9,215.8,0
252546,243,92.5,185,7.192
252547,244,57.4,114.8,3.946
252549,273,70.2,140.4,6.39
252603,239,58.9,117.8,4.4
252604,268.5,60,120,5.8
252605,243,62.5,125,4.4
252606,268.2,59.7,119.4,5.46
252607,250,72,144,4.2
252608,224.2,56,112,3.1
252609,282.4,60.1,120.2,5.009
253004,215,89,178,4.4
253005,235,87.5,175,6.366
253006,241,64.5,129,4
253007,215,66,132,3.3
253008,235,63.5,127,3.9
253009,215,87.5,175,4.4
253010,241,64.1,128.2,3.79
253011,235,60,120,3.9
253012,331,93.8,187.6,8.42
253013,278,60.1,120.2,4.86
253014,343,91.4,182.8,9.86
253201,211,66,132,3.92
253203,229.5,72,144,5
253206,246,53,106,4.07
253209,225,65.5,131,5.2
253210,251,72.5,145,5.9
253211,251,72.5,145,5.4
253212,245,58.2,116.4,4
253213,251,72.5,145,0
253214,347,80.5,161,11.62
253215,294.5,78,156,7.48
253216,311,76.5,153,9.82
253217,311,76.2,152.4,9.014
253218,239.5,57.4,114.8,3.831
253301,220,57.5,115,2.9
253302,235,59.3,118.6,3.1
253303,235,58.8,117.6,3.25
253401,244,61,122,4
253402,246,71.5,143,5.5
253403,216,89.5,179,4.1
253404,216,58.6,117.2,3.1
253405,216,58.5,117,2.97
253406,216,89.5,179,4.1
253407,314,90,180,7.8
253408,243.2,58,116,4.39
253409,221.2,62.7,125.4,3.67
253410,249,64,128,4.25
253411,298.3,76.3,152.6,7.24
253412,343,84.4,168.8,10.1
253413,243.2,57.6,115.2,3.97
253415,221.5,60.1,120.2,3.578
253416,343,83.8,167.6,9.9
253417,216,71.6,143.2,0
253501,294,104.5,209,8.5
253502,246,58.5,117,4
253503,297,90.5,181,10.09
253504,270,60.5,121,4.62
253505,280,81,162,6.86
253506,230.5,67.4,134.8,4.35
253507,290.1,73.4,146.8,6.945
253508,246.2,54.4,108.8,0
253509,253,162,324,9.459
253510,230,67.5,135,5.23
253604,272.2,73,146,4.59
253605,228,56,112,2.83
253607,273,75.5,151,4.62
253611,228.3,83.6,167.2,3.87
253613,228,84,168,4.3
253614,265.2,64.5,129,4.1
253615,265,65,130,4.1
253616,228,85.8,171.6,4.4
253617,228,94.3,188.6,5.6
253618,208,63,126,3.9
253619,208,63,126,3.9
253620,231.7,63,126,4.66
253621,228.3,83.6,167.2,0
253622,228,84,168,0
253623,228,85.5,171,0
253624,228,94.3,188.6,0
253625,231.7,73,146,5.4
253626,265,68.8,137.6,4.32
253627,271.2,73.6,147.2,0
253628,297.4,69.4,138.8,7.1
253630,243.9,62,124,4.2
253631,274.1,63,126,5.5
253704,212,73,146,4.66
253705,211.9,81.6,163.2,5.01
253706,212,79.5,159,4.96
253708,273.9,65.9,131.8,6
253709,212,75,150,4.744
253710,212,73,146,0
253711,211.9,81.6,163.2,0
253712,212,79.5,159,0
253713,212,75,150,0
253715,273,76.5,153,0
253906,207.8,82.9,165.8,4.48
253907,234,85.5,171,5.4
253908,234,76,152,5.1
253909,278,72.5,145,4.5
253910,234,76,152,5
253911,208,83,166,3.95
253912,234,76,152,5.5
253913,233.9,76,152,5
253914,278,72.5,145,4.5
253915,234,85.5,171,5.5
253916,234,76,152,12.18
253917,277.8,73.3,146.6,4.68
253918,291,108,216,4.87
253919,207.8,82.9,165.8,0
253920,207.8,82.9,165.8,0
253921,234,85.5,171,0
253922,234,76,152,0
253923,234,76,152,0
253924,234,76,152,0
253925,233.9,76,152,0
253926,234,76,152,0
253927,237,76,152,6.2
253928,234,76,152,5.7
253929,234,76,152,5.2
253930,234,76,152,5.7
253931,237,78.5,157,6.038
254001,243,62.5,125,4.5
254002,290,56.5,113,6.48
254301,232,62,124,3.97
254303,290,57.4,114.8,6.1
254304,268,58.5,117,0
254401,270,63.5,127,4.74
254402,305.7,70.7,141.4,7.09
254504,242,57,114,3.83
254507,235,66.5,133,4.3
254508,235,66.5,133,4.095
254509,235,67,134,3.79
254510,235,65.6,131.2,3.7
254511,272,71,142,5.1
254512,235,65.5,131,4.5
254513,235,65.5,131,4.5
254514,207,93,186,3.55
254515,266.5,66.8,133.6,5.1
254516,235.5,60.6,121.2,4.3
254517,233,51.5,103,3.7
254518,277.4,64.3,128.6,4.8
254519,233,51.5,103,3.75
254520,314,80.5,161,8
254521,276,67.7,135.4,5.15
254522,308,71.8,143.6,8.558
254523,251.8,53.1,106.2,4.32
254524,343,83,166,11.83
254525,345,108.6,217.2,12.63
254526,302.8,74,148,5.585
254527,242,52.1,104.2,3.69
254528,304,72.3,144.6,6.93
254529,241.7,51.6,103.2,4.2
254530,207,94.5,189,0
254531,284,56.5,113,5.86
254532,308,72.2,144.4,8.52
254533,345,79.8,159.6,9.6
254534,345,85,170,10.435
254535,345,107.9,215.8,12.048
254704,262,94,188,5.31
254705,262,89.5,179,5.86
254706,279,89.3,178.6,6.39
254708,211.5,75,150,4.4
254709,239.7,81.2,162.4,5.38
254713,290.5,89.7,179.4,8.22
254718,279,97,194,5.985
254719,290,84.3,168.6,8.74
254720,261.7,80.5,161,6.3
254721,290.5,90,180,8.2
254722,275,90,180,7.8
254723,241,80.5,161,6.5
254724,211.5,52.6,105.2,3
254725,240,59,118,3.7
254726,286,90,180,6.2
254727,239.9,59.1,118.2,3.7
254729,290,57.5,115,6.05
254730,239.7,81.2,162.4,0
254731,290.5,89.7,179.4,0
254732,275,89.8,179.6,7.9
254733,289.8,64.4,128.8,6.975
254801,262,74.5,149,3.97
254804,242,60,120,4.53
254805,264,63,126,5.67
254807,242,55.5,111,4.2
255001,205,79.5,159,4.2
255002,242,80.8,161.6,5.8
255003,273,73.5,147,4.9
255004,205,79.5,159,0
255005,229.9,56.9,113.8,3.66
255101,213,82.5,165,3.7
255102,196,77.7,155.4,4.3
255103,272,69,138,6
255104,196,86,172,4.3
255105,282,68,136,5.6
255106,233.2,56.4,112.8,3.2
255201,221.7,51.3,102.6,2.9
255203,222.2,74.3,148.6,4.4
255204,245,56.5,113,3.9
255205,205,65.5,131,4.3
255206,313,66.5,133,8.4
255207,262,64,128,5.72
255208,245,56.5,113,3.8
255209,208,82,164,5.2
255210,208,63,126,4.4
255211,208,63,126,4.36
255212,261.5,63.8,127.6,5.828
255213,261.5,60.8,121.6,4.98
255214,261.5,61,122,5
255215,302,70,140,8.36
255216,238,81.5,163,6.15
255217,238,81.5,163,5.56
259301,281,107,214,6.6
259302,307.5,77.7,155.4,9.1
259303,232.5,61,122,3
259304,268,60.4,120.8,4.99
259306,255.2,52.5,105,9.125
259307,300.8,84.7,169.4,7.7
259905,242,67,134,3.58
259906,242,63.5,127,3.83
259907,273,71,142,5.76
259908,217,61.5,123,3.58
259909,220,46.8,93.6,3.06
261401,294,71,142,6.6
261901,298,98,196,9.2
261902,298,85,170,9.2
262201,294,75,150,6.2
262202,294,74,148,5.9
262203,344,85.5,171,10
262204,340.3,88.2,176.4,11.76
262205,336,88.5,177,9.6
262206,336.5,88.5,177,9.6
262306,293.5,122.5,245,11
262504,266.1,84,168,6.6
262507,292,146,292,13.3
262508,292.3,96,192,8.78
262509,318,132.5,265,13.3
262510,291,97.5,195,9.596
262511,314.4,105,210,12.43
262512,314,132.5,265,12.9
262513,314.4,105,210,12.72
263001,303,83,166,7.2
263002,297,70.5,141,6.81
263301,266,73,146,6.28
263302,300,83,166,6.9
263303,290,93,186,7.3
263401,303,83,166,7.2
263402,316,90,180,8.2
263601,290,75,150,7.5
263602,320,105,210,9.8
263901,292,135,270,10.12
263902,291,120,240,11.37
264001,329,88,176,9.4
264002,291,118.5,237,10.67
264501,302,78,156,6.5
264503,314,80.5,161,8
264504,321,80.5,161,8.3
264704,282,77.5,155,6.09
264705,282,83,166,7
264706,285.5,78,156,6.05
264707,309,141,282,12.43
264709,311,88.1,176.2,9
264712,342.5,83,166,9
269906,298,98,196,8.74
203679,280,104.5,209,9.51
313679,280,104.5,209,9.51
313683,276,45.5,91,6.33
